,transaction_id,customer_id,product_id,timestamp,quantity,price_paid
0,1,420,1,2023-06-14 03:20:27,3,41.35
1,2,114,38,2024-03-24 08:13:46,2,143.73
2,3,386,57,2025-03-12 01:15:45,2,112.11
3,4,447,78,2025-03-09 20:59:03,1,54.16
4,5,450,56,2024-10-12 09:01:47,1,144.87
5,6,308,68,2025-03-14 14:02:53,2,157.73
6,7,254,95,2025-06-03 01:14:29,2,99.06
7,8,349,22,2024-01-12 19:14:09,1,86.82
8,9,293,2,2024-01-15 09:12:36,2,90.11
9,10,436,38,2024-10-12 19:11:32,3,140.72
10,11,119,42,2023-06-21 18:24:37,2,63.14
11,12,304,83,2024-04-19 00:36:59,1,118.29
12,13,286,20,2023-06-25 21:27:13,3,20.35
13,14,105,48,2024-12-10 05:54:46,3,44.74
14,15,308,17,2025-05-23 05:59:02,3,17.2
15,16,202,77,2023-06-24 04:33:08,3,64.2
16,17,334,62,2023-10-30 06:20:39,3,121.37
17,18,238,52,2023-12-20 14:49:40,3,75.95
18,19,250,57,2024-10-30 12:23:18,2,104.41
19,20,428,3,2024-04-06 03:56:37,1,151.83
20,21,294,17,2023-12-10 11:14:02,2,13.87
21,22,72,20,2025-01-30 04:49:22,2,24.5
22,23,301,79,2024-01-16 09:12:09,2,175.43
23,24,81,42,2023-11-21 21:19:57,2,63.18
24,25,334,46,2023-11-29 03:25:47,1,117.04
25,26,358,48,2023-08-22 23:17:48,3,51.96
26,27,464,77,2023-07-31 14:55:58,3,53.62
27,28,210,82,2024-11-23 00:22:39,1,150.67
28,29,225,11,2023-12-24 07:35:13,3,44.82
29,30,53,65,2023-10-28 06:25:34,1,70.32
30,31,198,38,2024-04-29 21:12:37,2,140.76
31,32,277,4,2023-07-27 13:25:47,3,85.12
32,33,468,51,2023-07-28 17:24:29,3,65.4
33,34,465,99,2023-06-11 14:10:25,2,60.02
34,35,483,20,2024-02-20 16:43:05,3,22.56
35,36,368,37,2023-11-01 03:19:26,2,60.52
36,37,320,15,2023-12-05 21:42:04,2,160.73
37,38,16,48,2024-10-12 23:45:49,3,38.12
38,39,286,17,2025-06-02 08:17:46,1,14.95
39,40,166,16,2023-09-18 03:28:14,3,55.8
40,41,206,35,2024-04-13 10:16:01,2,60.44
41,42,348,7,2023-10-25 23:03:40,3,127.14
42,43,85,46,2025-03-14 17:48:47,1,121.98
43,44,44,30,2025-01-13 14:05:52,3,17.22
44,45,199,78,2024-10-20 19:45:56,3,64.89
45,46,368,11,2025-01-11 16:04:19,2,45.69
46,47,396,20,2024-10-17 10:28:24,2,25.72
47,48,368,65,2024-10-30 04:39:44,3,87.16
48,49,79,27,2023-09-15 12:38:16,2,85.87
49,50,134,14,2024-07-22 19:33:07,3,32.43
50,51,70,64,2023-12-13 07:42:08,3,38.55
51,52,267,14,2024-05-04 02:15:49,1,43.45
52,53,341,51,2024-11-10 05:01:38,1,63.85
53,54,405,33,2023-08-01 04:28:36,3,89.35
54,55,450,45,2023-07-31 00:58:11,1,92.93
55,56,445,25,2024-05-18 01:06:10,3,51.26
56,57,420,93,2024-08-09 06:40:33,2,46.37
57,58,337,34,2025-05-08 06:46:56,3,130.72
58,59,257,82,2025-02-02 22:12:48,3,138.48
59,60,296,15,2024-06-09 15:43:14,3,146.21
60,61,484,23,2024-12-17 12:29:09,3,22.15
61,62,92,51,2023-10-27 00:16:32,2,78.25
62,63,366,83,2024-06-19 20:59:17,2,160.34
63,64,486,96,2025-05-07 20:32:48,3,115.35
64,65,256,84,2025-01-09 13:37:20,3,93.21
65,66,63,34,2023-06-15 15:35:36,2,136.68
66,67,195,34,2023-06-27 05:39:44,1,124.14
67,68,275,14,2024-12-17 18:09:49,3,37.4
68,69,333,67,2024-07-17 03:00:22,3,116.61
69,70,137,39,2024-04-15 05:56:51,3,71.06
70,71,120,88,2023-06-25 12:47:12,1,81.6
71,72,185,11,2024-11-29 10:12:07,3,49.93
72,73,183,75,2024-06-04 22:49:51,3,42.59
73,74,290,53,2025-05-27 00:56:26,1,39.54
74,75,262,42,2024-06-10 22:57:42,1,55.81
75,76,146,96,2023-08-26 18:32:52,2,121.52
76,77,154,16,2023-12-22 06:41:08,3,55.01
77,78,460,19,2024-11-22 18:43:02,1,90.16
78,79,199,54,2024-09-16 07:58:19,3,109.06
79,80,414,64,2023-07-01 17:43:09,3,34.45
80,81,319,85,2024-08-16 09:49:32,1,59.05
81,82,382,89,2024-06-29 23:30:55,1,107.3
82,83,463,2,2025-03-31 09:50:41,3,93.31
83,84,159,80,2023-12-26 17:03:57,1,97.64
84,85,258,94,2024-08-23 07:58:03,3,104.3
85,86,148,32,2024-09-29 18:15:36,2,80.97
86,87,291,64,2024-04-14 22:44:37,3,32.94
87,88,313,90,2024-04-13 23:05:08,3,162.33
88,89,211,33,2023-09-28 22:00:33,3,78.83
89,90,402,54,2024-02-26 13:53:24,1,122.43
90,91,348,2,2023-09-07 06:38:09,2,115.77
91,92,390,22,2024-08-26 22:29:40,2,72.22
92,93,210,2,2024-06-01 12:31:58,3,97.13
93,94,443,9,2024-04-01 11:03:24,2,124.03
94,95,9,9,2024-04-28 10:03:48,1,134.95
95,96,340,37,2025-02-04 07:11:53,1,46.9
96,97,88,42,2025-05-22 17:31:32,3,50.83
97,98,462,56,2025-05-08 10:27:00,3,145.17
98,99,32,12,2024-03-22 10:21:45,1,127.21
99,100,88,57,2023-10-16 11:47:24,3,114.2
100,101,439,73,2024-10-23 07:36:53,3,104.32
101,102,86,31,2025-02-13 06:06:08,2,103.27
102,103,139,42,2024-05-30 05:03:45,1,59.82
103,104,145,70,2024-08-07 09:19:08,3,109.02
104,105,105,35,2024-06-26 09:31:51,2,52.47
105,106,47,21,2024-11-20 06:28:31,1,12.0
106,107,461,34,2025-06-02 20:18:25,2,109.34
107,108,312,47,2025-04-19 18:48:35,3,73.0
108,109,310,50,2024-09-06 22:50:01,2,28.54
109,110,494,57,2024-01-18 08:31:14,1,112.29
110,111,150,69,2025-01-23 20:05:18,1,124.56
111,112,495,54,2025-04-10 04:46:20,2,112.58
112,113,248,87,2023-11-12 07:35:40,2,187.33
113,114,148,11,2024-06-12 05:58:47,2,47.16
114,115,113,42,2024-07-30 06:58:27,2,62.5
115,116,149,82,2023-10-01 22:10:10,3,119.19
116,117,328,6,2024-08-14 19:10:36,3,9.37
117,118,387,76,2024-05-24 00:16:32,2,142.44
118,119,391,31,2024-02-10 03:06:31,3,129.92
119,120,410,87,2025-02-05 02:05:51,3,176.67
120,121,158,100,2024-09-19 09:25:59,1,56.04
121,122,173,98,2023-09-14 21:39:09,3,138.26
122,123,44,3,2025-01-05 05:45:11,3,161.48
123,124,195,99,2023-11-20 12:11:08,2,81.93
124,125,154,62,2023-07-03 12:49:44,1,152.86
125,126,357,15,2024-10-24 17:02:18,2,171.91
126,127,338,44,2023-09-25 23:56:11,2,87.74
127,128,161,95,2025-02-23 08:13:47,3,77.86
128,129,411,52,2025-03-26 09:56:23,2,88.29
129,130,350,21,2024-03-31 23:44:23,2,9.29
130,131,74,17,2025-04-01 22:16:29,2,15.68
131,132,24,23,2023-08-26 21:34:32,3,19.1
132,133,242,8,2024-08-26 23:07:58,3,124.93
133,134,402,18,2024-04-19 13:31:30,3,143.26
134,135,117,45,2023-10-05 10:09:28,3,81.73
135,136,10,7,2023-09-24 22:33:08,1,138.8
136,137,229,10,2023-11-27 08:09:58,2,70.61
137,138,415,63,2023-06-25 18:41:12,3,22.75
138,139,491,78,2023-10-18 09:24:38,2,55.34
139,140,208,94,2025-01-29 18:02:00,2,105.04
140,141,91,72,2023-08-18 09:44:01,1,44.37
141,142,416,72,2023-09-04 08:13:01,1,41.53
142,143,324,39,2023-06-13 13:12:39,1,80.14
143,144,363,43,2023-11-13 15:23:46,1,80.25
144,145,22,12,2024-05-05 22:07:47,2,113.45
145,146,348,19,2025-06-05 16:03:32,1,88.88
146,147,27,22,2023-11-02 14:18:12,1,76.81
147,148,340,15,2025-03-21 00:52:04,1,131.45
148,149,343,4,2024-09-24 02:27:42,2,91.84
149,150,498,2,2024-09-01 07:50:09,2,100.0
150,151,262,73,2024-03-15 15:17:50,2,126.53
151,152,475,49,2023-11-16 11:56:37,3,27.01
152,153,409,70,2023-07-03 09:20:41,2,154.2
153,154,164,55,2025-01-16 13:46:00,1,39.96
154,155,440,35,2025-04-14 20:41:59,1,53.56
155,156,18,6,2023-07-13 14:29:39,2,10.63
156,157,25,58,2024-05-29 19:37:29,2,120.3
157,158,339,42,2023-07-25 05:39:03,1,51.64
158,159,345,47,2024-08-27 00:06:24,1,79.64
159,160,241,74,2025-03-13 19:37:57,3,63.82
160,161,377,48,2024-07-30 03:15:26,3,50.11
161,162,297,28,2024-03-04 12:34:35,2,93.44
162,163,304,6,2023-11-15 02:14:10,2,10.35
163,164,194,81,2024-07-15 11:09:34,2,42.07
164,165,341,17,2023-07-22 12:02:16,2,12.96
165,166,161,56,2025-03-07 16:21:48,2,126.97
166,167,417,44,2024-07-31 17:48:07,2,109.2
167,168,308,5,2023-09-13 11:25:32,3,69.95
168,169,42,71,2024-07-28 10:15:10,1,80.55
169,170,8,71,2024-08-13 11:48:39,3,66.03
170,171,7,90,2024-04-07 00:31:13,1,145.9
171,172,168,73,2024-04-21 07:07:05,3,102.79
172,173,413,71,2024-09-02 06:11:36,1,79.54
173,174,387,24,2023-08-28 18:42:22,1,101.13
174,175,396,46,2024-05-10 17:42:08,1,124.21
175,176,133,67,2023-12-09 00:38:12,2,125.18
176,177,103,34,2023-11-02 23:54:52,1,140.09
177,178,2,69,2023-10-26 13:44:54,3,111.44
178,179,265,26,2024-12-04 10:41:06,1,62.32
179,180,231,80,2024-04-17 03:15:51,1,117.75
180,181,323,76,2025-04-20 04:34:11,3,170.46
181,182,206,50,2024-04-29 15:08:15,2,27.89
182,183,37,86,2024-02-10 12:25:46,1,22.12
183,184,411,59,2023-09-24 00:02:52,1,170.44
184,185,96,22,2023-06-27 07:22:47,1,66.05
185,186,275,42,2024-10-27 22:33:36,1,62.55
186,187,417,45,2024-09-27 10:17:55,1,108.16
187,188,294,29,2025-04-22 05:58:50,1,38.59
188,189,375,84,2025-03-29 05:57:39,3,85.47
189,190,80,51,2024-06-29 00:22:33,2,72.59
190,191,63,47,2023-06-25 02:09:01,3,68.77
191,192,372,72,2024-03-23 17:20:39,2,42.64
192,193,416,9,2025-01-22 08:48:56,1,106.95
193,194,62,88,2023-07-02 21:42:09,3,72.73
194,195,50,6,2024-02-04 05:55:22,2,10.09
195,196,104,91,2024-04-10 21:08:07,2,79.95
196,197,312,95,2024-04-22 12:46:54,1,105.68
197,198,190,82,2023-12-10 20:38:47,1,129.96
198,199,223,76,2023-11-28 22:34:42,2,142.36
199,200,201,45,2023-07-13 05:26:22,1,103.85
200,201,296,68,2023-08-31 13:29:08,3,176.78
201,202,491,63,2025-05-18 00:36:30,3,28.76
202,203,19,49,2023-08-17 06:46:15,1,31.7
203,204,320,1,2023-10-08 09:47:50,3,43.03
204,205,298,42,2024-03-28 10:17:07,1,54.2
205,206,447,64,2025-03-25 11:06:18,3,30.9
206,207,316,36,2024-03-19 20:19:23,2,148.11
207,208,193,47,2024-11-12 16:29:25,1,74.79
208,209,151,23,2024-10-23 05:39:15,1,23.89
209,210,117,21,2023-06-07 23:11:57,1,9.65
210,211,259,43,2024-05-08 10:38:44,2,87.16
211,212,55,20,2024-11-19 18:46:48,2,22.77
212,213,118,12,2025-03-31 06:05:53,2,108.24
213,214,32,96,2024-05-11 08:19:18,2,123.32
214,215,209,28,2024-11-09 17:24:16,2,77.86
215,216,408,2,2025-01-01 11:16:21,1,103.78
216,217,67,36,2023-06-08 16:27:27,2,147.58
217,218,387,56,2024-01-17 00:41:06,1,136.62
218,219,254,9,2023-12-26 20:24:34,1,149.16
219,220,163,68,2023-11-15 12:43:48,1,152.61
220,221,123,39,2024-04-12 20:07:54,2,64.64
221,222,195,43,2024-03-29 04:35:17,1,96.44
222,223,479,40,2025-04-08 22:44:28,3,37.28
223,224,80,80,2024-07-11 22:40:49,2,124.69
224,225,410,20,2023-12-10 08:22:05,1,23.34
225,226,431,34,2024-03-21 10:46:19,1,137.03
226,227,273,81,2023-08-21 00:41:12,3,50.36
227,228,314,87,2024-02-02 19:35:18,1,170.53
228,229,35,81,2023-07-20 03:47:40,3,45.6
229,230,371,61,2023-07-15 14:43:16,1,64.49
230,231,429,99,2025-05-01 17:38:33,1,74.43
231,232,261,57,2024-03-26 16:28:45,2,118.83
232,233,70,72,2025-05-30 03:56:25,1,40.24
233,234,212,2,2023-11-22 01:22:05,2,101.97
234,235,28,11,2023-10-16 05:40:24,2,42.73
235,236,62,76,2024-03-17 15:52:42,2,128.26
236,237,156,43,2025-05-28 13:31:13,3,85.06
237,238,38,10,2024-04-05 18:32:27,3,74.57
238,239,379,82,2025-03-23 18:48:08,1,146.89
239,240,397,81,2024-09-30 00:21:37,2,52.06
240,241,173,78,2025-03-26 15:26:07,2,63.7
241,242,496,10,2024-09-24 08:22:04,2,91.01
242,243,21,66,2024-11-16 10:56:03,2,64.63
243,244,420,18,2025-04-04 13:09:52,3,107.75
244,245,13,49,2023-09-24 19:28:16,3,24.23
245,246,157,60,2024-03-29 10:25:56,3,52.34
246,247,209,96,2024-02-27 22:52:25,1,131.06
247,248,489,41,2024-05-13 12:33:09,1,134.71
248,249,61,81,2024-08-04 11:14:43,2,41.1
249,250,199,23,2025-03-07 10:46:05,3,19.15
250,251,3,79,2024-06-13 23:07:44,1,173.57
251,252,395,27,2025-03-17 22:59:47,1,100.77
252,253,148,86,2024-05-05 23:00:09,3,22.97
253,254,454,27,2024-08-21 00:52:11,3,79.87
254,255,233,36,2023-07-11 18:35:22,1,167.38
255,256,341,15,2023-07-14 05:05:13,2,184.62
256,257,35,38,2025-02-25 04:25:23,3,143.56
257,258,343,27,2025-01-15 10:25:25,3,81.64
258,259,468,3,2024-08-26 03:44:35,1,146.42
259,260,453,49,2024-05-25 06:54:36,2,33.04
260,261,406,26,2023-12-06 08:20:31,3,55.1
261,262,492,82,2024-09-25 10:43:50,2,161.84
262,263,179,70,2025-01-23 13:51:25,3,129.8
263,264,423,16,2024-07-29 01:05:38,3,58.9
264,265,390,30,2023-08-20 23:10:05,1,19.22
265,266,366,40,2025-05-26 21:56:51,1,36.88
266,267,199,19,2024-02-04 02:34:37,2,73.11
267,268,83,87,2025-06-05 22:38:57,1,154.69
268,269,58,85,2024-06-08 00:26:57,2,47.23
269,270,398,15,2024-02-10 13:46:08,1,180.33
270,271,214,95,2024-05-13 09:19:32,2,80.77
271,272,347,35,2024-12-03 07:20:17,2,60.56
272,273,468,28,2024-12-11 01:08:52,1,96.49
273,274,472,77,2024-09-18 03:44:15,2,55.24
274,275,468,34,2024-06-12 05:09:15,3,136.39
275,276,47,30,2024-03-10 20:02:23,2,19.47
276,277,465,22,2025-03-29 23:56:20,3,84.35
277,278,291,86,2024-04-14 21:09:08,3,20.72
278,279,98,71,2025-04-24 12:51:13,2,82.2
279,280,94,94,2024-04-07 14:00:47,1,114.08
280,281,459,38,2024-07-04 17:56:17,3,161.15
281,282,235,21,2024-09-04 06:46:08,1,9.36
282,283,273,38,2023-08-30 00:29:56,1,149.02
283,284,350,41,2025-05-01 05:52:05,3,158.38
284,285,449,1,2023-12-20 06:03:05,1,39.89
285,286,118,57,2025-05-01 12:45:23,2,129.89
286,287,249,45,2024-04-26 07:19:29,1,97.05
287,288,205,84,2024-06-03 01:03:48,3,99.28
288,289,312,85,2025-04-18 12:02:22,3,54.93
289,290,2,3,2024-02-29 20:43:38,2,143.45
290,291,81,27,2024-01-25 22:21:56,1,104.84
291,292,142,81,2023-07-16 02:54:51,3,53.33
292,293,20,35,2024-07-13 07:58:29,1,51.52
293,294,163,86,2023-07-21 02:47:04,1,23.99
294,295,156,86,2024-04-27 13:56:12,2,23.61
295,296,135,76,2025-05-07 06:19:03,3,179.77
296,297,185,29,2025-02-14 13:37:57,2,40.42
297,298,317,17,2023-11-02 16:53:59,1,14.65
298,299,474,84,2024-01-03 08:01:32,1,79.33
299,300,273,1,2024-12-13 06:35:39,1,39.35
300,301,251,22,2023-11-09 22:34:05,1,87.53
301,302,52,66,2025-03-03 00:24:45,3,69.35
302,303,203,35,2025-01-19 19:16:17,3,67.36
303,304,464,21,2024-09-09 19:53:58,3,10.26
304,305,126,72,2023-10-24 16:03:07,1,40.32
305,306,423,19,2024-07-09 18:06:26,2,76.98
306,307,289,6,2024-12-30 21:33:14,2,12.41
307,308,72,39,2023-08-10 19:07:02,3,83.03
308,309,472,14,2024-05-14 22:28:06,3,34.26
309,310,497,6,2025-04-06 09:28:31,2,11.43
310,311,137,49,2024-09-09 12:18:31,1,28.01
311,312,93,22,2023-08-14 00:56:43,3,85.41
312,313,91,36,2025-01-07 21:57:41,2,131.38
313,314,314,29,2023-12-01 13:44:51,2,49.52
314,315,481,3,2024-11-25 23:59:37,1,147.86
315,316,217,69,2024-05-31 11:32:04,3,117.98
316,317,17,31,2024-11-01 15:21:01,1,137.73
317,318,447,57,2023-12-29 09:54:19,3,101.9
318,319,87,41,2023-08-02 18:49:27,2,139.4
319,320,405,83,2025-05-26 02:21:36,1,153.59
320,321,79,20,2025-04-11 13:32:23,3,19.88
321,322,415,18,2023-11-14 17:43:24,2,138.64
322,323,34,30,2024-10-02 06:46:59,2,19.68
323,324,432,2,2024-05-04 21:58:12,1,87.97
324,325,263,43,2023-07-17 19:42:43,1,82.52
325,326,362,60,2025-03-17 08:29:21,2,37.93
326,327,468,20,2024-06-04 02:24:32,3,25.76
327,328,265,47,2024-07-22 01:53:16,1,64.34
328,329,20,74,2025-02-18 14:49:21,2,59.02
329,330,498,6,2023-10-16 23:59:56,1,9.37
330,331,417,64,2024-04-22 03:32:47,1,34.63
331,332,488,64,2024-05-08 20:02:45,2,28.75
332,333,405,92,2025-03-03 12:11:14,3,113.8
333,334,401,64,2023-07-18 05:25:18,2,39.92
334,335,191,10,2024-03-30 00:01:29,1,92.21
335,336,143,26,2023-09-20 06:35:27,1,54.17
336,337,287,7,2025-03-15 08:57:24,3,122.87
337,338,377,67,2024-06-30 12:42:29,1,111.02
338,339,233,36,2024-10-26 07:59:50,2,136.44
339,340,204,30,2024-03-16 09:26:28,3,22.02
340,341,342,82,2024-11-11 00:56:15,1,127.88
341,342,102,73,2024-02-09 21:09:16,2,125.37
342,343,31,5,2024-07-08 08:15:10,1,83.7
343,344,499,90,2024-10-04 17:35:44,2,145.32
344,345,264,45,2025-02-01 13:31:48,3,101.13
345,346,33,11,2025-02-18 21:19:27,2,40.12
346,347,469,43,2024-01-02 13:05:31,2,84.36
347,348,432,86,2023-12-04 18:05:41,2,18.98
348,349,190,89,2023-12-10 07:08:13,2,101.32
349,350,393,18,2023-12-22 16:44:16,3,114.31
350,351,311,54,2023-12-11 14:37:29,3,119.5
351,352,4,73,2024-03-05 01:39:12,1,116.37
352,353,430,90,2025-02-12 08:20:11,1,144.12
353,354,371,1,2024-06-15 11:27:14,1,39.62
354,355,460,16,2023-09-17 20:19:58,2,51.27
355,356,58,95,2024-07-30 04:36:57,3,89.2
356,357,418,39,2025-05-12 12:23:22,1,71.67
357,358,7,76,2024-08-14 13:48:49,2,169.7
358,359,216,71,2025-02-19 08:00:22,2,76.42
359,360,436,49,2023-11-03 11:19:26,1,31.79
360,361,89,10,2024-10-27 17:03:18,1,89.76
361,362,77,78,2024-11-27 08:14:56,2,64.82
362,363,192,76,2024-05-21 10:28:21,3,140.25
363,364,396,49,2024-10-27 01:16:41,1,30.93
364,365,67,83,2025-05-05 02:15:17,3,134.09
365,366,163,45,2024-09-20 05:07:51,3,98.64
366,367,482,61,2024-03-01 04:02:09,2,71.02
367,368,400,55,2024-09-14 21:16:25,2,40.2
368,369,203,82,2025-04-14 19:17:31,3,156.45
369,370,209,97,2025-05-08 17:05:42,3,52.18
370,371,93,76,2025-04-19 23:59:56,1,146.6
371,372,365,8,2023-10-16 01:10:12,1,151.59
372,373,141,65,2024-03-17 23:49:20,1,86.61
373,374,374,42,2025-02-27 04:49:07,1,54.89
374,375,234,13,2025-03-27 18:58:52,1,71.42
375,376,425,91,2024-11-27 19:49:36,3,86.69
376,377,234,45,2024-08-13 09:55:11,3,81.37
377,378,208,62,2024-05-04 01:07:04,3,137.55
378,379,31,59,2023-12-30 00:49:57,2,168.76
379,380,170,4,2024-01-10 04:48:51,2,87.88
380,381,192,73,2024-02-25 11:33:53,1,120.3
381,382,455,63,2024-01-18 17:49:35,3,31.6
382,383,92,80,2024-05-12 22:51:28,2,103.06
383,384,234,95,2024-05-15 15:54:25,3,88.8
384,385,304,63,2024-09-26 23:16:25,1,23.44
385,386,490,30,2024-04-07 12:01:21,3,16.48
386,387,2,72,2025-02-06 05:42:33,1,39.35
387,388,397,91,2024-08-18 21:15:13,2,103.92
388,389,444,29,2024-09-01 16:31:33,3,51.94
389,390,55,47,2025-03-09 11:34:29,2,78.79
390,391,259,47,2023-11-23 03:49:51,3,69.03
391,392,97,58,2024-04-25 00:44:14,1,115.08
392,393,296,12,2024-07-02 14:19:03,3,115.42
393,394,242,74,2024-03-13 03:12:41,2,56.63
394,395,286,4,2025-04-23 08:19:07,1,106.17
395,396,389,66,2025-05-15 02:06:40,2,76.4
396,397,402,5,2023-08-22 22:42:52,2,68.19
397,398,271,43,2023-08-07 21:41:37,1,69.32
398,399,61,89,2025-02-02 13:57:25,3,104.18
399,400,358,73,2025-01-18 18:16:11,3,122.15
400,401,167,85,2025-01-23 12:31:38,3,47.99
401,402,30,66,2024-02-29 20:08:47,1,89.88
402,403,292,96,2023-10-10 09:22:34,2,133.61
403,404,3,76,2024-05-14 14:25:19,1,129.41
404,405,216,58,2024-05-20 19:53:02,3,153.28
405,406,422,10,2024-01-27 18:29:17,1,72.31
406,407,163,26,2025-04-30 11:20:38,1,51.24
407,408,454,1,2025-04-26 04:44:36,2,43.23
408,409,480,18,2025-04-20 21:59:06,3,144.9
409,410,441,6,2025-02-23 00:00:52,3,11.22
410,411,62,2,2023-09-10 18:57:40,1,89.89
411,412,62,13,2024-10-26 00:35:42,3,86.59
412,413,233,38,2024-09-23 01:17:53,3,157.43
413,414,189,97,2024-07-17 23:23:14,2,46.75
414,415,455,64,2024-07-23 08:49:51,3,31.68
415,416,484,8,2023-08-22 17:00:35,2,122.16
416,417,132,95,2025-02-24 19:42:08,3,96.07
417,418,465,85,2024-09-05 10:48:27,3,57.56
418,419,37,32,2024-04-06 00:42:16,1,84.7
419,420,332,46,2023-07-16 16:46:05,1,112.94
420,421,432,22,2024-01-19 17:31:43,3,66.87
421,422,138,68,2025-01-31 15:36:34,2,135.42
422,423,7,2,2024-03-18 22:01:15,3,115.65
423,424,212,93,2024-11-27 03:08:13,2,45.0
424,425,92,27,2023-08-08 14:55:48,3,82.27
425,426,171,1,2025-02-06 10:06:51,3,43.14
426,427,255,73,2024-07-21 00:32:31,2,118.84
427,428,395,49,2025-03-17 23:50:46,1,30.69
428,429,250,87,2024-11-10 04:34:30,3,184.2
429,430,97,76,2024-08-28 18:58:11,1,151.19
430,431,95,74,2023-08-28 23:11:47,3,59.6
431,432,10,36,2025-04-28 19:52:03,1,120.85
432,433,186,33,2024-02-03 23:46:35,3,81.83
433,434,242,72,2023-08-20 04:32:16,3,43.4
434,435,359,31,2024-11-13 01:46:34,2,112.99
435,436,464,82,2023-06-21 08:49:39,3,161.37
436,437,102,30,2024-12-05 13:16:35,2,16.29
437,438,227,55,2024-01-08 22:58:37,1,49.58
438,439,141,93,2024-10-01 01:07:32,2,51.99
439,440,406,33,2025-03-23 18:23:21,3,67.48
440,441,391,32,2024-08-19 16:29:56,3,85.52
441,442,67,90,2023-11-22 06:50:14,1,132.04
442,443,249,97,2024-08-13 18:06:34,1,42.35
443,444,277,9,2024-03-17 09:51:08,3,147.15
444,445,207,17,2025-01-19 03:06:53,1,13.31
445,446,79,20,2023-09-04 23:29:54,2,26.1
446,447,436,42,2024-08-24 04:29:39,2,59.52
447,448,425,39,2023-11-21 21:30:36,2,62.98
448,449,368,69,2025-05-30 00:50:37,3,119.1
449,450,468,64,2025-04-12 20:27:59,3,39.0
450,451,153,42,2023-08-23 01:04:34,3,59.9
451,452,425,39,2025-02-09 22:32:14,1,88.98
452,453,177,7,2025-04-07 14:25:23,2,158.4
453,454,276,57,2024-09-24 13:32:31,3,96.1
454,455,487,18,2025-04-30 10:53:26,1,121.75
455,456,75,61,2025-01-12 12:26:04,2,72.75
456,457,125,52,2023-12-26 11:45:43,2,86.57
457,458,89,22,2024-11-15 06:47:35,1,82.72
458,459,150,92,2023-07-22 23:12:21,1,104.65
459,460,38,99,2023-11-19 20:43:20,3,71.36
460,461,439,92,2024-12-23 04:27:11,1,97.35
461,462,202,92,2023-09-26 12:32:15,2,114.92
462,463,19,34,2025-03-16 18:04:55,3,121.47
463,464,31,82,2024-11-08 01:48:21,1,123.77
464,465,5,85,2023-10-07 23:46:24,2,50.7
465,466,331,65,2024-03-09 07:01:30,1,79.92
466,467,40,92,2024-06-02 14:32:12,2,96.89
467,468,162,21,2023-07-17 17:16:56,2,11.83
468,469,179,53,2025-04-05 10:26:52,1,43.66
469,470,113,62,2024-02-12 08:29:29,2,142.68
470,471,405,18,2024-09-12 20:46:03,1,121.36
471,472,168,64,2023-07-13 12:03:20,3,36.42
472,473,312,13,2025-01-15 04:38:44,3,72.01
473,474,91,72,2024-03-24 15:25:58,2,44.44
474,475,190,63,2024-04-26 14:17:53,3,27.91
475,476,417,44,2025-01-25 02:00:28,1,107.9
476,477,243,7,2023-11-27 06:56:06,3,125.95
477,478,70,79,2025-04-25 08:35:07,2,138.26
478,479,451,98,2025-01-10 11:55:38,2,140.17
479,480,266,72,2025-05-10 13:17:37,2,33.21
480,481,73,10,2025-05-10 03:14:02,1,86.29
481,482,232,32,2024-02-07 19:23:50,2,88.81
482,483,265,9,2024-09-03 04:56:26,2,128.81
483,484,409,79,2023-08-08 01:04:54,2,162.04
484,485,104,38,2024-08-13 15:14:01,2,130.46
485,486,353,36,2024-12-08 03:20:13,1,146.89
486,487,140,32,2024-06-12 04:00:50,1,76.81
487,488,170,18,2025-02-06 03:43:51,2,140.86
488,489,229,39,2023-09-18 18:54:40,3,68.76
489,490,330,13,2024-12-17 06:55:15,3,85.35
490,491,347,47,2024-03-07 18:24:00,1,75.83
491,492,178,41,2024-01-31 03:17:32,2,149.26
492,493,63,36,2024-07-30 16:00:51,3,161.88
493,494,56,21,2024-12-07 23:36:32,2,11.27
494,495,277,77,2024-06-17 16:58:13,1,63.09
495,496,497,37,2024-01-06 00:35:29,2,47.85
496,497,129,52,2024-06-05 18:24:50,3,85.12
497,498,471,91,2023-12-28 21:43:34,3,89.97
498,499,252,28,2024-06-26 13:20:48,3,96.43
499,500,38,88,2025-03-01 06:36:05,1,70.46
500,501,120,76,2024-09-06 18:52:11,2,134.52
501,502,444,32,2024-04-08 19:51:22,3,82.1
502,503,263,4,2025-02-12 22:28:56,2,107.35
503,504,355,32,2024-01-07 14:52:33,1,65.84
504,505,189,71,2024-12-05 07:41:58,2,64.1
505,506,282,5,2025-04-16 16:39:07,2,74.09
506,507,168,92,2023-10-16 15:15:08,3,116.08
507,508,172,41,2023-07-25 15:06:57,2,158.94
508,509,143,22,2024-12-02 11:39:43,1,82.69
509,510,83,74,2024-09-26 02:47:22,1,66.8
510,511,93,84,2024-09-06 23:15:13,2,75.78
511,512,464,40,2024-12-17 14:25:06,2,41.74
512,513,245,87,2024-02-08 09:18:31,3,160.6
513,514,391,98,2025-02-07 13:08:19,1,107.92
514,515,385,73,2025-06-03 23:53:35,3,132.13
515,516,410,39,2024-11-20 02:27:52,2,71.37
516,517,445,35,2024-06-07 14:02:46,3,63.51
517,518,182,2,2024-02-13 11:44:35,2,110.84
518,519,69,77,2023-11-24 17:19:27,1,52.66
519,520,121,60,2023-12-30 09:24:27,3,44.59
520,521,424,20,2025-02-16 15:01:35,1,20.35
521,522,24,50,2024-07-29 03:10:31,3,25.97
522,523,220,73,2024-10-30 20:44:45,3,124.07
523,524,274,63,2024-01-19 01:34:21,1,29.54
524,525,144,72,2023-09-12 03:33:44,2,31.33
525,526,477,78,2024-04-09 05:57:52,3,56.53
526,527,64,32,2025-05-21 03:19:35,2,79.72
527,528,162,62,2024-02-07 17:18:47,1,146.54
528,529,233,45,2024-11-19 15:50:09,2,89.02
529,530,469,86,2023-07-12 19:48:45,1,23.67
530,531,218,30,2024-11-20 18:25:00,1,18.49
531,532,258,85,2025-04-06 05:03:48,3,48.93
532,533,479,94,2024-01-07 14:21:29,2,128.99
533,534,197,75,2023-10-15 12:13:35,3,37.85
534,535,175,9,2023-07-26 15:41:51,3,130.06
535,536,212,55,2023-11-16 16:47:23,2,38.33
536,537,90,78,2025-06-01 08:18:14,1,55.54
537,538,437,17,2025-04-19 07:17:01,2,17.18
538,539,231,94,2025-04-13 17:49:45,3,115.19
539,540,69,78,2025-04-25 09:34:51,2,61.07
540,541,317,39,2025-05-22 04:23:07,1,82.18
541,542,205,90,2024-07-27 08:31:25,3,155.67
542,543,387,80,2023-07-04 20:32:21,1,121.9
543,544,324,67,2024-04-18 18:24:14,3,89.88
544,545,338,74,2024-09-09 10:42:22,3,61.75
545,546,305,41,2023-09-09 00:34:52,3,177.54
546,547,455,58,2023-09-08 01:56:17,3,138.69
547,548,49,21,2024-09-03 23:01:33,2,11.85
548,549,389,51,2024-08-30 18:45:33,1,64.25
549,550,330,87,2024-06-22 06:50:19,2,165.21
550,551,500,50,2023-07-24 05:46:57,3,25.22
551,552,448,8,2023-08-27 13:11:45,2,130.11
552,553,453,1,2024-10-22 15:13:40,1,43.16
553,554,80,71,2025-05-26 20:38:29,1,59.81
554,555,123,22,2024-09-15 14:16:52,2,75.35
555,556,291,8,2024-09-30 06:50:30,1,106.51
556,557,158,21,2024-03-30 16:35:41,1,11.6
557,558,235,67,2023-07-21 22:10:54,3,99.91
558,559,490,45,2024-08-18 16:17:26,3,101.31
559,560,268,70,2024-05-05 11:17:03,3,110.49
560,561,339,28,2024-12-29 10:28:03,3,91.63
561,562,229,61,2023-06-18 22:44:30,2,70.69
562,563,347,12,2024-05-30 07:49:43,2,121.62
563,564,440,4,2023-12-27 18:37:01,2,77.24
564,565,120,60,2025-04-13 05:01:24,2,46.48
565,566,346,75,2024-03-07 19:44:54,2,39.22
566,567,243,88,2024-07-03 05:19:07,2,64.12
567,568,154,49,2025-04-15 05:24:43,3,28.35
568,569,171,91,2024-01-06 04:04:17,3,87.35
569,570,70,49,2025-03-11 12:03:05,3,31.2
570,571,500,3,2024-09-09 09:29:06,1,136.21
571,572,19,25,2024-12-29 00:27:55,1,63.61
572,573,413,18,2023-11-13 20:14:47,2,110.6
573,574,293,19,2025-04-29 22:28:20,3,83.3
574,575,178,98,2024-11-02 23:54:34,2,125.14
575,576,76,39,2024-08-04 06:16:04,2,72.27
576,577,154,61,2024-05-04 09:54:15,1,61.31
577,578,229,62,2024-06-14 23:05:10,1,123.59
578,579,180,25,2025-03-18 16:41:24,3,68.79
579,580,447,38,2023-09-18 20:48:58,2,149.36
580,581,431,65,2024-03-05 08:00:17,3,67.43
581,582,432,43,2023-07-30 15:53:37,2,73.65
582,583,255,27,2024-02-07 06:31:15,3,78.61
583,584,195,3,2024-04-27 07:39:38,2,161.83
584,585,52,18,2024-05-16 05:50:27,1,103.07
585,586,83,82,2024-09-19 05:43:18,3,127.19
586,587,283,33,2024-12-21 18:39:10,2,76.71
587,588,63,69,2024-03-31 01:03:54,3,125.87
588,589,181,8,2024-10-22 23:21:39,1,114.03
589,590,382,16,2023-06-17 20:08:41,2,64.39
590,591,365,79,2025-06-03 05:52:38,2,189.74
591,592,195,26,2023-11-26 18:33:19,1,58.03
592,593,37,3,2024-12-13 03:08:22,3,136.7
593,594,432,74,2025-05-16 11:04:53,1,66.48
594,595,118,56,2025-03-14 19:40:58,1,121.82
595,596,232,5,2025-05-07 20:29:57,3,85.24
596,597,336,50,2024-06-10 18:13:25,1,30.87
597,598,175,10,2024-05-01 07:15:15,2,80.17
598,599,25,12,2023-12-01 11:21:53,2,98.25
599,600,256,84,2024-01-31 10:28:03,2,94.86
600,601,213,89,2025-01-31 15:21:11,1,95.52
601,602,238,94,2025-02-12 02:39:00,3,93.65
602,603,422,67,2025-01-28 17:11:03,1,93.75
603,604,427,14,2023-07-28 08:17:09,2,42.41
604,605,415,7,2024-05-06 01:47:12,1,127.04
605,606,347,18,2023-10-20 05:18:25,2,106.87
606,607,54,61,2024-02-20 08:03:07,2,76.64
607,608,94,42,2023-12-01 19:57:30,3,56.68
608,609,246,71,2025-05-25 00:40:06,2,60.03
609,610,412,88,2024-01-20 08:50:27,1,82.56
610,611,365,43,2023-08-24 11:19:05,1,84.57
611,612,338,66,2024-01-17 18:04:54,1,77.79
612,613,80,56,2024-04-16 00:44:45,2,118.35
613,614,38,87,2023-06-14 14:29:01,3,187.54
614,615,262,92,2025-05-20 02:52:56,1,95.65
615,616,433,82,2023-07-02 15:17:12,3,149.97
616,617,418,77,2023-09-01 02:38:29,3,56.23
617,618,164,59,2025-01-31 20:16:14,1,163.16
618,619,130,58,2025-04-26 06:14:57,3,134.05
619,620,205,50,2025-02-11 18:46:55,2,30.02
620,621,23,51,2024-12-15 23:19:20,1,72.51
621,622,67,63,2023-09-20 13:38:27,3,26.05
622,623,315,71,2024-06-27 13:58:01,2,69.34
623,624,226,7,2024-01-09 09:20:06,2,145.32
624,625,454,45,2024-06-10 02:11:47,3,90.51
625,626,453,4,2023-10-21 02:26:34,1,98.39
626,627,369,84,2024-07-02 22:23:23,3,92.33
627,628,348,98,2024-02-18 16:55:44,3,114.77
628,629,180,92,2025-05-08 07:12:14,2,91.17
629,630,281,37,2024-03-27 21:20:32,2,50.02
630,631,443,44,2025-03-22 16:17:29,3,83.63
631,632,281,44,2024-08-13 19:20:32,1,93.5
632,633,433,52,2023-08-09 12:54:31,1,70.47
633,634,372,57,2025-02-15 11:06:47,3,105.6
634,635,444,18,2024-02-26 23:41:27,3,141.77
635,636,230,99,2024-05-11 20:55:40,3,68.22
636,637,464,94,2023-07-16 03:55:12,1,110.77
637,638,68,100,2024-04-18 19:21:38,1,55.8
638,639,424,88,2024-01-17 01:15:12,2,63.99
639,640,189,71,2024-09-21 23:49:41,2,58.79
640,641,304,26,2025-02-06 08:14:45,3,56.85
641,642,474,21,2024-03-05 03:40:57,2,10.02
642,643,485,58,2025-03-14 22:58:32,1,112.59
643,644,473,99,2024-08-13 10:52:38,2,74.62
644,645,270,61,2024-08-19 23:46:30,3,70.36
645,646,434,61,2025-03-18 06:32:34,3,58.85
646,647,47,10,2023-11-06 12:42:50,3,79.85
647,648,79,58,2023-07-13 19:56:04,2,154.23
648,649,173,7,2025-06-02 15:07:30,2,146.11
649,650,282,36,2025-05-20 15:24:31,3,152.51
650,651,400,8,2024-01-16 10:33:41,1,146.82
651,652,484,9,2023-06-09 18:17:46,2,149.85
652,653,165,19,2025-01-23 05:39:33,3,66.14
653,654,123,39,2024-07-21 15:52:17,2,77.26
654,655,167,76,2025-03-02 13:20:15,2,172.12
655,656,13,93,2023-08-22 16:55:03,1,48.37
656,657,254,1,2024-12-17 12:45:48,3,40.03
657,658,261,33,2025-05-11 04:11:50,1,83.2
658,659,37,69,2024-09-11 18:39:47,2,112.03
659,660,343,22,2023-06-28 15:59:50,2,91.88
660,661,296,41,2024-04-19 14:52:17,2,137.08
661,662,452,7,2024-12-09 21:10:56,3,147.28
662,663,485,88,2025-04-11 13:45:43,3,77.46
663,664,83,43,2025-06-05 22:40:52,2,90.59
664,665,249,20,2024-09-05 20:17:33,2,26.15
665,666,239,98,2023-09-05 06:47:17,1,130.49
666,667,179,62,2024-09-11 21:21:56,1,136.53
667,668,137,77,2024-06-16 12:05:17,3,62.41
668,669,11,97,2023-12-16 15:18:54,2,44.79
669,670,140,18,2024-06-15 16:03:18,3,142.82
670,671,359,72,2025-05-20 10:06:06,2,36.1
671,672,143,73,2025-02-13 00:38:35,2,114.59
672,673,375,88,2025-04-29 01:58:59,3,78.96
673,674,197,24,2023-07-21 23:42:23,2,96.86
674,675,258,8,2023-10-07 10:20:27,1,143.17
675,676,335,31,2025-01-20 15:59:26,2,107.01
676,677,195,43,2023-11-25 06:34:29,2,89.87
677,678,385,86,2023-12-19 14:30:35,2,21.48
678,679,306,30,2024-02-11 23:29:35,3,20.61
679,680,478,87,2024-03-02 02:51:30,1,166.8
680,681,330,46,2024-11-21 07:06:25,3,107.0
681,682,416,54,2023-07-13 23:16:55,3,122.88
682,683,189,70,2024-08-09 12:47:51,3,147.1
683,684,397,42,2023-07-18 02:21:29,2,54.06
684,685,467,91,2023-08-23 20:28:48,1,87.34
685,686,244,48,2024-09-20 23:25:05,1,50.28
686,687,9,7,2024-05-03 17:44:31,3,162.56
687,688,382,85,2024-09-19 18:12:48,1,45.75
688,689,475,62,2025-04-16 17:58:56,2,120.1
689,690,234,3,2023-09-24 05:22:54,3,127.02
690,691,370,20,2024-02-13 05:10:58,2,20.18
691,692,196,84,2024-12-15 18:36:48,2,101.69
692,693,96,28,2025-03-21 10:39:44,1,103.18
693,694,273,50,2025-05-31 15:59:17,2,31.2
694,695,419,4,2024-03-20 05:15:47,1,95.18
695,696,103,99,2024-05-07 21:51:59,3,80.47
696,697,41,48,2024-10-26 04:21:55,1,48.54
697,698,174,65,2025-03-24 13:18:22,3,80.75
698,699,211,80,2023-11-24 14:19:43,2,123.23
699,700,329,44,2024-12-21 14:00:07,2,82.02
700,701,311,61,2024-11-04 09:11:41,3,74.85
701,702,102,67,2023-11-25 20:39:46,2,99.49
702,703,246,86,2024-07-01 19:38:07,2,21.2
703,704,219,44,2024-10-31 16:04:27,2,112.39
704,705,210,19,2023-12-02 14:32:49,1,81.78
705,706,126,59,2025-02-18 19:02:48,2,123.87
706,707,429,19,2024-01-08 23:26:37,3,85.63
707,708,486,88,2024-06-03 23:22:59,3,73.7
708,709,93,100,2023-10-20 04:39:57,1,52.37
709,710,402,62,2024-01-31 18:07:11,1,114.26
710,711,58,87,2024-02-13 00:09:55,3,165.17
711,712,133,92,2023-07-25 23:47:44,1,96.92
712,713,335,4,2024-02-22 12:40:45,2,88.3
713,714,44,78,2025-04-18 13:49:44,1,67.53
714,715,490,49,2024-06-10 14:22:38,2,28.46
715,716,205,98,2025-01-20 09:32:43,2,102.82
716,717,154,46,2024-08-03 19:22:15,2,96.87
717,718,23,74,2024-02-05 14:55:37,2,51.96
718,719,228,42,2023-09-08 15:10:05,3,54.58
719,720,405,50,2024-05-31 19:40:03,1,27.67
720,721,356,27,2025-05-30 22:55:35,1,99.76
721,722,226,28,2024-11-23 11:37:58,1,97.41
722,723,33,54,2025-01-22 05:16:08,3,110.26
723,724,376,35,2025-05-07 23:21:39,3,61.0
724,725,466,18,2024-04-01 10:44:44,2,123.22
725,726,228,87,2024-07-12 22:12:04,2,151.63
726,727,460,26,2024-07-30 11:14:23,3,67.59
727,728,303,83,2024-10-04 10:46:56,1,138.41
728,729,259,90,2025-04-05 06:37:48,2,158.87
729,730,94,76,2024-05-05 15:47:10,2,157.97
730,731,464,14,2024-03-07 05:23:09,1,34.86
731,732,12,43,2025-03-08 12:34:57,2,77.12
732,733,328,2,2024-04-21 01:08:28,2,106.21
733,734,139,40,2023-11-29 02:56:55,3,35.28
734,735,316,67,2023-09-19 15:14:03,3,90.14
735,736,13,70,2023-09-25 07:48:54,3,131.06
736,737,113,69,2024-10-28 15:04:53,3,123.28
737,738,359,12,2024-06-27 02:01:16,2,108.92
738,739,413,30,2023-08-10 19:09:05,1,19.85
739,740,217,12,2024-04-23 01:37:50,3,100.62
740,741,399,91,2024-09-06 20:43:10,2,112.68
741,742,481,55,2024-02-12 03:48:40,1,40.67
742,743,311,20,2023-06-09 12:37:09,3,21.24
743,744,356,32,2024-12-28 20:23:45,2,80.71
744,745,31,19,2025-04-03 13:04:40,2,77.11
745,746,492,17,2024-01-25 15:45:50,2,17.19
746,747,127,36,2024-01-26 11:34:42,3,150.09
747,748,195,29,2025-01-12 21:22:30,2,52.54
748,749,229,47,2023-09-22 15:24:14,3,70.91
749,750,437,62,2023-09-18 09:29:39,1,148.73
750,751,397,29,2024-03-18 02:14:42,3,45.34
751,752,447,70,2024-05-03 13:33:26,3,124.82
752,753,274,38,2023-11-15 03:32:13,2,175.49
753,754,14,52,2024-11-01 18:20:58,1,69.52
754,755,299,57,2024-02-15 03:23:11,3,120.08
755,756,268,28,2023-10-10 07:50:01,1,105.1
756,757,132,92,2023-09-23 15:15:12,2,118.63
757,758,109,10,2024-01-01 01:20:06,3,83.33
758,759,94,84,2025-04-15 22:19:01,2,91.12
759,760,41,82,2024-11-13 02:16:13,1,163.54
760,761,393,29,2024-03-12 16:13:19,2,42.0
761,762,278,13,2024-10-17 13:23:14,3,84.3
762,763,221,100,2024-01-13 18:26:18,2,42.99
763,764,45,3,2023-12-19 07:43:44,3,150.14
764,765,430,42,2023-06-23 10:44:37,1,48.78
765,766,371,52,2024-11-01 03:06:04,3,62.85
766,767,131,8,2025-01-12 13:49:54,2,120.61
767,768,133,23,2024-01-09 05:22:35,3,22.33
768,769,231,48,2024-05-19 03:35:37,3,42.19
769,770,120,15,2023-07-07 03:53:07,3,135.2
770,771,231,35,2023-07-12 19:11:48,3,52.57
771,772,427,39,2025-02-11 22:07:02,3,79.51
772,773,370,100,2023-12-21 19:01:42,3,58.92
773,774,349,51,2024-12-06 10:21:55,1,69.17
774,775,158,27,2024-06-30 00:26:15,1,101.83
775,776,141,35,2024-10-17 14:22:14,1,56.64
776,777,293,24,2024-10-09 05:28:29,2,98.56
777,778,335,73,2024-11-19 18:45:12,2,111.88
778,779,34,55,2024-12-03 22:28:38,3,49.85
779,780,50,26,2024-05-13 11:11:21,2,61.78
780,781,369,69,2025-06-04 01:24:37,2,137.99
781,782,498,73,2025-01-04 07:16:55,1,104.77
782,783,112,73,2024-07-03 01:03:43,2,123.26
783,784,239,78,2024-05-07 10:01:12,2,63.46
784,785,118,66,2024-12-03 21:56:06,1,82.56
785,786,339,6,2024-04-15 07:09:53,2,11.29
786,787,168,32,2023-12-29 04:51:26,3,63.78
787,788,237,28,2024-06-14 17:26:43,3,98.68
788,789,467,37,2025-02-16 06:57:22,3,63.4
789,790,205,33,2025-05-08 13:03:16,1,72.36
790,791,394,46,2024-11-08 12:52:57,2,99.15
791,792,119,88,2024-06-09 09:37:35,2,60.75
792,793,273,66,2025-06-01 11:22:14,2,91.18
793,794,229,82,2024-11-04 04:25:12,1,154.11
794,795,146,28,2024-10-07 16:11:41,1,75.92
795,796,231,73,2024-04-26 08:01:19,3,119.82
796,797,499,74,2024-03-07 02:47:23,1,65.99
797,798,340,80,2024-10-04 07:16:47,3,116.57
798,799,295,29,2024-09-27 09:24:38,2,50.31
799,800,87,60,2025-06-01 12:52:04,3,50.81
800,801,132,45,2025-02-05 04:19:10,2,93.1
801,802,95,16,2023-09-11 08:41:59,3,66.4
802,803,72,96,2023-10-26 12:32:48,2,104.39
803,804,441,49,2025-01-22 01:55:29,2,32.05
804,805,233,18,2024-09-21 22:33:44,1,110.29
805,806,478,80,2024-04-19 01:39:33,2,107.17
806,807,143,5,2024-02-19 09:55:15,1,74.26
807,808,143,75,2025-04-06 14:07:57,3,41.81
808,809,319,4,2024-02-03 12:08:31,2,78.09
809,810,165,61,2025-03-18 15:34:34,2,80.43
810,811,414,44,2024-11-27 13:30:14,2,114.38
811,812,165,5,2024-03-22 23:32:27,3,87.08
812,813,256,60,2023-07-09 20:33:56,3,52.37
813,814,35,53,2023-09-17 09:36:11,1,33.04
814,815,194,41,2025-01-29 20:03:06,3,129.48
815,816,479,5,2024-01-22 07:14:55,3,86.67
816,817,499,19,2024-08-13 01:16:49,3,77.6
817,818,3,71,2023-06-16 02:41:58,1,64.01
818,819,237,10,2025-03-14 14:35:10,2,69.68
819,820,50,20,2023-07-12 21:53:24,2,26.66
820,821,31,40,2024-06-23 12:11:54,3,33.58
821,822,101,41,2023-09-02 02:13:44,3,144.37
822,823,222,20,2024-01-07 16:28:18,3,27.4
823,824,475,7,2024-09-19 11:00:10,3,151.19
824,825,114,30,2024-09-30 22:14:54,1,20.73
825,826,76,57,2023-09-22 10:40:35,3,108.14
826,827,131,70,2024-07-22 10:04:26,2,123.42
827,828,446,77,2023-09-28 16:41:51,2,50.8
828,829,33,9,2024-05-03 22:16:19,3,116.16
829,830,249,77,2023-09-28 04:16:47,2,63.11
830,831,383,55,2024-03-26 11:49:16,3,46.57
831,832,206,4,2024-03-14 02:28:54,3,98.57
832,833,398,72,2024-10-12 18:21:14,1,33.34
833,834,193,88,2024-04-05 07:11:21,3,72.5
834,835,386,72,2023-10-10 01:16:32,2,35.05
835,836,439,70,2024-04-27 14:19:49,1,125.11
836,837,153,50,2024-09-30 02:04:49,1,28.6
837,838,430,23,2024-03-10 05:59:08,3,25.0
838,839,420,12,2024-12-06 06:15:45,3,101.38
839,840,374,27,2024-12-28 06:13:41,3,108.22
840,841,291,31,2025-01-05 00:12:23,1,142.28
841,842,417,100,2024-12-14 15:58:46,3,55.04
842,843,277,80,2024-02-21 00:32:37,1,113.89
843,844,378,49,2023-08-02 18:13:39,1,25.73
844,845,116,71,2025-05-16 01:42:56,1,73.27
845,846,334,31,2024-07-04 00:53:42,1,116.19
846,847,279,64,2024-03-03 08:40:44,2,31.0
847,848,103,96,2024-07-15 00:19:23,3,138.8
848,849,45,33,2024-06-06 19:02:31,2,87.47
849,850,187,100,2023-06-23 23:31:45,3,45.87
850,851,58,1,2024-10-10 15:07:30,3,47.72
851,852,279,15,2024-12-18 19:35:15,3,133.1
852,853,240,18,2023-08-01 06:24:23,3,116.29
853,854,265,100,2024-03-06 07:11:00,3,58.63
854,855,269,17,2024-04-28 02:45:06,3,12.53
855,856,13,31,2025-05-31 23:52:37,1,113.25
856,857,443,57,2024-05-10 20:57:06,1,94.86
857,858,350,17,2024-06-07 09:26:05,1,13.95
858,859,339,75,2024-02-13 01:36:20,2,37.94
859,860,448,86,2023-12-19 10:18:36,1,17.57
860,861,139,51,2023-06-14 02:39:17,1,66.01
861,862,204,98,2023-08-18 11:53:40,3,138.87
862,863,450,84,2024-01-23 10:12:09,1,91.72
863,864,449,19,2024-03-16 09:36:40,3,74.57
864,865,393,44,2025-01-18 07:06:03,2,110.65
865,866,191,95,2024-03-16 08:44:01,3,93.76
866,867,174,75,2023-08-22 18:21:51,1,46.82
867,868,84,66,2024-08-12 19:22:32,1,90.29
868,869,436,32,2024-12-13 02:26:35,2,74.12
869,870,173,21,2023-07-11 11:56:44,2,11.21
870,871,296,82,2025-03-27 01:12:08,1,162.93
871,872,262,5,2025-05-22 17:01:45,2,76.1
872,873,199,31,2024-06-09 12:54:29,1,142.74
873,874,108,80,2023-06-26 09:07:41,2,107.47
874,875,328,40,2023-08-26 04:51:40,2,39.03
875,876,156,19,2024-11-15 21:38:44,3,74.27
876,877,165,7,2025-03-02 13:28:02,3,126.92
877,878,19,11,2024-09-27 05:54:37,3,44.78
878,879,279,5,2024-12-07 05:36:52,2,77.3
879,880,118,83,2025-03-19 16:27:02,1,138.31
880,881,21,83,2024-01-28 16:16:14,1,113.51
881,882,120,45,2024-07-25 02:21:22,2,88.53
882,883,119,92,2025-02-08 05:51:24,3,93.22
883,884,439,48,2023-09-22 10:34:04,2,41.48
884,885,350,43,2024-04-05 05:18:04,3,68.07
885,886,285,46,2025-02-06 18:33:26,2,103.83
886,887,381,31,2023-07-29 19:11:59,2,110.31
887,888,350,71,2024-07-24 14:18:37,3,62.65
888,889,147,53,2024-06-06 04:49:37,1,42.32
889,890,299,15,2025-02-02 11:27:33,2,169.65
890,891,405,40,2024-01-17 23:53:16,2,31.81
891,892,219,25,2023-09-18 00:55:00,2,65.02
892,893,276,50,2023-09-06 05:18:54,2,32.71
893,894,177,13,2023-10-06 12:51:06,3,66.66
894,895,305,3,2023-09-23 06:29:28,1,147.66
895,896,464,82,2024-05-02 08:35:36,3,125.13
896,897,258,21,2023-12-30 19:01:12,2,10.56
897,898,244,86,2024-11-26 04:21:48,3,18.26
898,899,110,43,2024-08-28 20:39:54,1,85.02
899,900,425,17,2024-10-04 07:11:06,3,13.13
900,901,299,1,2024-12-21 20:00:10,3,52.28
901,902,45,66,2024-09-16 09:04:07,1,82.87
902,903,210,90,2025-02-10 06:50:30,3,144.07
903,904,466,13,2024-02-16 18:10:43,1,68.46
904,905,256,59,2024-02-21 15:57:11,2,123.79
905,906,371,32,2023-10-15 01:26:10,3,85.77
906,907,389,23,2025-05-02 19:51:25,1,23.44
907,908,339,59,2025-01-19 20:50:27,1,121.21
908,909,333,5,2024-11-28 12:48:07,3,74.81
909,910,28,83,2024-02-27 12:43:51,2,157.78
910,911,219,19,2023-10-22 20:50:24,2,84.22
911,912,36,42,2024-05-31 08:06:16,2,54.29
912,913,435,25,2024-04-20 15:15:07,2,55.89
913,914,491,38,2025-02-09 03:04:42,1,136.13
914,915,73,79,2025-01-26 05:14:59,1,161.42
915,916,178,66,2025-02-23 15:52:05,2,85.08
916,917,128,51,2024-07-28 12:12:00,1,72.6
917,918,72,36,2025-02-09 18:05:58,1,152.85
918,919,340,90,2024-01-19 19:17:33,2,149.97
919,920,222,22,2024-07-28 19:52:02,2,94.09
920,921,160,26,2024-07-24 00:38:15,2,62.36
921,922,423,89,2023-07-22 01:57:45,3,96.52
922,923,316,65,2023-06-10 19:40:36,1,79.83
923,924,55,51,2025-05-16 22:17:19,3,73.12
924,925,82,34,2024-03-23 04:38:02,2,117.66
925,926,275,63,2024-08-30 18:39:04,2,31.21
926,927,155,37,2023-12-13 06:50:44,2,50.89
927,928,151,5,2024-09-20 12:35:41,2,87.92
928,929,59,8,2024-02-03 11:11:24,2,124.28
929,930,122,66,2024-03-04 23:24:28,1,84.99
930,931,202,77,2024-03-03 01:23:45,3,65.49
931,932,197,87,2023-08-02 19:32:09,3,145.47
932,933,160,64,2023-12-15 22:40:53,2,30.45
933,934,48,90,2023-09-12 14:57:02,3,149.91
934,935,208,42,2025-04-05 10:14:36,1,49.86
935,936,260,86,2024-01-17 05:36:51,2,21.11
936,937,477,91,2023-12-27 08:16:41,3,109.9
937,938,420,80,2024-07-27 08:21:32,2,90.38
938,939,251,97,2023-06-18 03:16:01,1,45.42
939,940,399,44,2023-08-02 12:53:53,3,104.34
940,941,378,34,2024-05-07 12:16:15,3,114.22
941,942,499,94,2023-10-25 21:50:48,3,122.79
942,943,480,63,2024-12-17 07:18:34,1,22.47
943,944,191,44,2023-11-01 03:28:25,1,82.49
944,945,380,42,2023-09-05 15:47:49,3,60.91
945,946,483,18,2025-04-30 03:42:07,2,133.01
946,947,473,15,2024-09-09 03:34:32,1,167.47
947,948,417,67,2023-06-21 04:47:05,1,113.11
948,949,85,22,2025-04-27 20:58:28,2,80.5
949,950,16,47,2025-04-09 19:26:19,3,83.18
950,951,276,56,2023-09-18 10:03:22,1,153.79
951,952,159,16,2024-12-20 21:25:41,1,63.76
952,953,399,37,2025-01-13 07:28:01,2,56.86
953,954,353,99,2024-02-09 13:04:25,2,59.48
954,955,221,42,2023-10-29 06:27:26,1,53.96
955,956,27,21,2024-10-05 11:50:49,1,10.06
956,957,210,50,2024-08-31 04:26:49,1,26.0
957,958,186,17,2024-07-18 23:43:39,3,13.82
958,959,440,13,2025-05-31 20:05:22,2,80.05
959,960,99,27,2024-05-30 21:49:33,1,89.14
960,961,223,23,2024-11-02 01:19:07,3,25.19
961,962,51,70,2023-11-13 11:02:52,3,139.24
962,963,92,47,2023-12-03 07:03:16,3,63.98
963,964,229,69,2024-08-24 19:49:01,3,122.05
964,965,292,1,2024-12-03 03:48:41,1,51.42
965,966,448,33,2024-09-06 08:50:45,1,71.03
966,967,393,79,2024-09-21 04:41:50,3,188.29
967,968,443,99,2023-10-11 10:38:04,3,59.83
968,969,236,26,2024-03-09 17:58:29,2,49.81
969,970,86,91,2024-09-03 00:40:27,1,112.12
970,971,306,92,2023-11-11 22:52:42,1,90.48
971,972,51,58,2025-02-12 16:52:09,3,125.98
972,973,382,36,2023-07-07 04:38:30,3,124.95
973,974,171,95,2024-12-26 17:36:06,1,77.86
974,975,452,53,2023-10-20 14:18:38,3,44.79
975,976,35,57,2025-04-13 12:47:58,3,95.74
976,977,249,82,2024-10-03 14:09:16,1,131.85
977,978,263,54,2024-10-06 21:43:22,3,120.89
978,979,213,42,2024-08-08 18:58:44,3,59.74
979,980,7,12,2023-08-18 18:03:15,2,104.69
980,981,38,55,2023-09-27 18:34:52,3,37.19
981,982,326,8,2024-12-28 01:42:17,1,141.13
982,983,422,28,2025-05-30 22:30:50,3,90.17
983,984,208,68,2023-10-20 19:59:13,3,152.11
984,985,207,88,2025-02-09 21:50:21,3,65.0
985,986,199,38,2023-09-26 22:09:35,3,175.82
986,987,328,29,2024-12-29 06:45:33,2,46.3
987,988,81,31,2023-08-27 20:05:11,2,135.43
988,989,415,2,2024-12-19 06:14:31,3,99.55
989,990,493,20,2024-10-17 19:22:40,3,26.24
990,991,484,45,2024-08-12 12:58:01,1,92.9
991,992,335,41,2024-12-09 06:06:05,2,135.79
992,993,42,89,2024-06-08 16:40:46,1,92.92
993,994,210,77,2025-05-09 01:43:05,3,70.37
994,995,210,6,2024-02-11 08:29:41,3,11.25
995,996,422,86,2023-06-29 13:02:23,1,21.18
996,997,344,89,2024-04-15 17:15:48,2,117.2
997,998,270,23,2024-05-08 15:33:58,2,18.44
998,999,259,36,2023-06-07 08:44:02,2,156.13
999,1000,110,78,2025-03-19 06:23:58,2,62.35
1000,1001,499,81,2025-01-02 02:54:21,2,51.77
1001,1002,290,66,2025-03-02 04:26:29,1,87.89
1002,1003,461,2,2024-10-28 15:47:01,1,103.15
1003,1004,341,50,2023-07-08 13:20:39,3,32.84
1004,1005,145,31,2025-04-29 14:20:32,2,138.61
1005,1006,365,5,2025-03-11 02:26:01,2,92.8
1006,1007,116,91,2023-08-12 05:29:41,2,103.48
1007,1008,418,35,2023-11-15 20:53:56,1,65.47
1008,1009,94,22,2024-12-05 14:11:48,3,85.06
1009,1010,150,99,2025-05-13 01:29:24,1,70.13
1010,1011,487,71,2025-02-20 15:52:57,2,78.09
1011,1012,163,42,2024-04-28 20:47:07,2,48.01
1012,1013,293,33,2023-11-30 11:25:34,3,93.81
1013,1014,404,85,2025-02-06 12:25:20,3,52.28
1014,1015,112,8,2024-06-27 21:18:53,2,136.89
1015,1016,42,80,2023-11-27 07:45:55,1,110.54
1016,1017,192,9,2024-01-02 02:54:02,3,111.37
1017,1018,209,91,2024-04-07 17:06:31,3,104.16
1018,1019,55,56,2024-12-05 22:30:25,1,148.54
1019,1020,206,24,2024-11-19 14:00:29,1,101.31
1020,1021,416,72,2024-04-13 13:52:23,1,38.86
1021,1022,250,17,2023-06-21 01:38:29,2,15.91
1022,1023,477,98,2024-08-24 19:13:32,2,124.08
1023,1024,381,74,2024-09-22 09:56:55,3,60.73
1024,1025,374,16,2023-06-23 16:31:27,2,55.0
1025,1026,21,56,2024-05-22 08:09:28,3,144.25
1026,1027,352,93,2024-07-29 17:34:01,3,46.52
1027,1028,394,25,2025-02-26 08:01:23,2,51.96
1028,1029,55,53,2023-11-25 04:55:45,2,35.98
1029,1030,84,69,2025-04-21 09:51:19,2,114.66
1030,1031,79,77,2024-12-05 10:02:53,2,57.7
1031,1032,192,51,2024-05-27 20:31:31,2,76.71
1032,1033,10,76,2025-04-10 01:43:43,1,150.34
1033,1034,214,13,2025-03-19 09:34:47,1,89.64
1034,1035,339,82,2023-11-28 14:04:19,1,163.09
1035,1036,445,8,2024-09-06 00:21:55,3,122.88
1036,1037,411,1,2023-07-06 18:01:45,2,53.62
1037,1038,184,37,2024-05-06 06:11:01,3,48.46
1038,1039,154,63,2024-01-31 09:33:41,2,22.23
1039,1040,205,59,2023-06-29 07:08:56,2,150.14
1040,1041,67,35,2024-10-03 14:44:39,1,67.22
1041,1042,382,45,2024-12-14 18:08:43,2,105.81
1042,1043,478,6,2023-06-18 15:31:26,3,13.04
1043,1044,454,80,2024-06-12 18:53:32,2,90.36
1044,1045,321,76,2025-03-03 02:36:38,3,181.32
1045,1046,152,10,2024-08-01 04:27:10,1,72.39
1046,1047,119,93,2024-05-20 22:44:55,3,47.96
1047,1048,195,5,2025-03-23 00:28:36,1,90.39
1048,1049,417,90,2023-09-03 10:44:22,1,140.32
1049,1050,449,39,2024-01-20 19:01:35,3,88.48
1050,1051,196,22,2024-03-13 16:16:24,2,73.45
1051,1052,370,32,2024-01-19 22:04:02,2,83.67
1052,1053,130,30,2024-12-31 14:30:28,3,18.88
1053,1054,240,39,2024-11-12 10:29:40,2,82.96
1054,1055,340,42,2025-05-10 03:36:41,3,55.84
1055,1056,43,29,2024-08-16 09:41:16,1,51.4
1056,1057,186,69,2024-04-11 16:44:10,3,140.58
1057,1058,414,82,2024-02-23 19:48:39,2,155.25
1058,1059,190,34,2023-10-13 12:56:03,1,131.89
1059,1060,413,58,2023-11-13 14:25:13,2,147.12
1060,1061,318,45,2023-09-24 08:10:08,1,98.66
1061,1062,73,79,2023-07-17 23:16:52,3,181.64
1062,1063,246,14,2024-02-23 11:06:30,1,42.58
1063,1064,485,83,2025-01-10 07:09:46,1,132.4
1064,1065,466,5,2023-10-11 07:18:28,3,79.84
1065,1066,122,21,2023-09-14 19:56:35,1,10.1
1066,1067,306,34,2023-07-20 05:30:25,2,123.41
1067,1068,23,78,2024-10-10 19:52:11,3,52.03
1068,1069,262,29,2023-12-13 10:05:39,2,42.05
1069,1070,247,13,2024-03-01 14:38:36,3,78.65
1070,1071,184,6,2024-11-30 11:07:13,2,10.47
1071,1072,464,31,2024-01-15 21:25:13,1,138.15
1072,1073,7,13,2024-07-20 10:11:02,2,87.25
1073,1074,311,12,2024-11-07 17:20:52,2,93.89
1074,1075,464,3,2024-02-16 00:55:56,1,139.45
1075,1076,392,33,2023-12-10 01:15:00,2,67.56
1076,1077,484,69,2023-10-22 17:15:53,3,144.5
1077,1078,33,98,2025-02-06 19:20:11,1,100.24
1078,1079,228,89,2025-03-25 02:42:06,3,95.42
1079,1080,367,64,2023-09-10 20:54:46,1,36.82
1080,1081,416,84,2024-08-10 15:28:34,3,95.59
1081,1082,217,67,2025-06-03 22:31:24,1,114.52
1082,1083,404,91,2025-01-14 14:33:28,2,93.31
1083,1084,127,73,2023-08-30 11:38:23,3,119.2
1084,1085,171,8,2024-01-12 18:48:09,1,115.17
1085,1086,68,32,2025-01-21 00:19:08,2,85.01
1086,1087,71,89,2025-03-25 05:33:17,3,101.57
1087,1088,298,86,2024-05-23 13:39:55,3,24.21
1088,1089,432,30,2023-09-04 16:20:34,2,16.51
1089,1090,341,85,2024-10-08 03:11:30,1,51.89
1090,1091,65,47,2024-06-05 08:17:10,1,76.77
1091,1092,159,93,2023-11-25 11:18:48,3,44.6
1092,1093,388,3,2024-03-17 01:15:34,1,134.93
1093,1094,215,49,2023-07-02 23:19:45,1,23.99
1094,1095,79,62,2023-10-24 17:03:26,3,122.92
1095,1096,405,88,2024-02-09 20:07:48,3,76.57
1096,1097,290,49,2023-07-18 06:02:54,3,28.59
1097,1098,365,32,2023-07-11 02:02:25,1,63.27
1098,1099,303,4,2024-05-06 23:00:33,3,105.85
1099,1100,308,86,2025-03-04 01:12:57,1,18.54
1100,1101,113,18,2024-11-24 03:45:27,1,140.62
1101,1102,315,31,2025-04-16 23:06:59,2,129.19
1102,1103,259,59,2025-01-27 00:24:35,2,126.61
1103,1104,43,69,2025-01-23 00:28:27,2,131.63
1104,1105,101,24,2024-04-25 22:44:28,1,91.18
1105,1106,113,31,2025-02-04 08:04:20,3,107.0
1106,1107,445,19,2025-03-10 15:42:59,3,74.6
1107,1108,58,17,2023-07-23 07:16:44,2,17.13
1108,1109,453,83,2024-01-01 21:41:25,3,122.45
1109,1110,179,38,2024-08-25 00:51:49,2,149.24
1110,1111,198,54,2023-10-15 10:28:52,1,105.11
1111,1112,280,73,2023-08-10 22:37:58,1,96.64
1112,1113,72,14,2025-04-16 03:36:36,2,39.41
1113,1114,368,35,2024-09-23 10:59:02,3,53.11
1114,1115,429,48,2025-04-29 06:43:04,3,44.62
1115,1116,423,65,2024-05-17 17:12:35,1,67.93
1116,1117,9,90,2025-04-26 01:44:23,2,129.3
1117,1118,296,60,2024-03-28 06:56:17,3,50.88
1118,1119,298,34,2025-02-08 12:12:44,3,127.24
1119,1120,131,72,2025-04-10 04:38:45,3,37.54
1120,1121,331,91,2023-10-07 22:09:23,3,81.18
1121,1122,180,33,2024-04-09 07:00:42,1,68.84
1122,1123,494,88,2023-09-07 16:49:26,2,67.34
1123,1124,497,86,2024-11-15 15:54:21,1,20.02
1124,1125,460,51,2023-10-13 17:00:29,2,63.55
1125,1126,356,61,2025-05-05 07:49:58,1,58.09
1126,1127,408,3,2024-04-21 13:22:43,2,158.56
1127,1128,124,17,2025-02-20 01:01:24,2,13.7
1128,1129,223,19,2024-04-29 02:01:52,2,83.21
1129,1130,207,27,2025-05-28 08:46:59,1,102.53
1130,1131,231,12,2024-11-26 09:56:33,1,116.95
1131,1132,122,85,2024-11-20 21:00:55,1,44.69
1132,1133,315,63,2023-09-03 09:10:31,3,22.47
1133,1134,356,44,2023-06-19 01:14:46,2,93.04
1134,1135,255,98,2023-08-06 07:10:35,3,104.17
1135,1136,177,76,2024-07-09 07:23:21,2,159.11
1136,1137,294,72,2024-04-02 17:53:07,2,36.68
1137,1138,434,19,2023-12-14 03:02:18,3,89.97
1138,1139,84,16,2023-08-01 05:22:18,2,50.82
1139,1140,222,58,2024-12-14 11:06:24,1,128.92
1140,1141,430,78,2023-06-17 21:02:15,3,49.69
1141,1142,240,91,2024-12-11 08:24:32,1,80.01
1142,1143,283,77,2024-03-12 18:48:11,2,61.34
1143,1144,200,26,2025-04-30 08:16:02,2,64.84
1144,1145,66,71,2023-07-04 11:13:37,3,77.24
1145,1146,408,59,2025-03-13 16:02:48,2,157.84
1146,1147,273,82,2024-01-28 12:47:45,2,142.89
1147,1148,89,45,2024-05-21 15:55:18,1,109.5
1148,1149,419,50,2024-07-30 11:49:35,3,26.35
1149,1150,198,48,2024-07-27 00:11:43,3,49.66
1150,1151,455,65,2024-07-11 13:31:24,2,81.31
1151,1152,463,33,2023-10-31 10:51:32,1,77.37
1152,1153,365,55,2024-07-23 21:07:48,3,46.98
1153,1154,318,57,2024-11-26 19:19:56,1,97.61
1154,1155,476,84,2024-10-03 03:55:08,1,88.93
1155,1156,476,23,2025-05-01 10:30:41,1,24.37
1156,1157,82,81,2025-02-02 03:16:29,3,50.1
1157,1158,370,97,2024-09-20 03:28:11,2,53.16
1158,1159,365,87,2024-03-06 11:31:56,1,164.69
1159,1160,164,12,2024-01-05 13:14:01,1,102.75
1160,1161,455,29,2024-09-20 18:32:42,2,43.99
1161,1162,159,32,2023-10-20 14:47:30,2,68.03
1162,1163,154,62,2024-04-14 02:42:14,1,135.95
1163,1164,354,66,2025-03-13 08:27:49,3,88.07
1164,1165,331,96,2024-10-13 12:38:06,1,137.68
1165,1166,197,17,2025-04-05 06:55:09,3,12.56
1166,1167,383,57,2024-05-17 01:14:36,2,127.96
1167,1168,273,80,2025-02-22 21:23:24,2,108.16
1168,1169,205,87,2024-07-01 21:32:59,3,165.45
1169,1170,152,9,2024-01-13 23:33:48,3,120.26
1170,1171,43,100,2024-11-24 03:04:42,1,49.71
1171,1172,139,94,2024-03-06 15:00:51,1,120.11
1172,1173,266,87,2024-08-01 16:57:49,3,170.75
1173,1174,481,10,2024-03-09 03:51:14,1,81.13
1174,1175,199,10,2023-10-16 16:09:32,2,83.75
1175,1176,53,97,2023-11-19 00:08:24,1,51.15
1176,1177,245,85,2024-11-14 11:32:58,2,59.36
1177,1178,349,20,2023-11-24 23:51:38,3,19.78
1178,1179,132,87,2024-03-08 09:09:13,2,147.73
1179,1180,81,25,2024-02-05 17:51:56,1,54.04
1180,1181,254,100,2024-04-13 07:57:50,2,55.1
1181,1182,328,84,2024-03-25 20:21:12,2,85.13
1182,1183,407,76,2024-01-31 08:21:10,3,136.9
1183,1184,251,60,2024-11-13 07:33:24,3,48.05
1184,1185,380,26,2024-10-27 13:55:06,1,69.09
1185,1186,6,31,2023-07-16 21:22:36,1,122.18
1186,1187,67,71,2023-10-05 13:27:41,3,78.67
1187,1188,78,100,2024-06-23 11:24:04,3,48.86
1188,1189,282,46,2024-03-06 16:59:17,2,120.64
1189,1190,232,23,2024-01-01 16:47:49,1,22.66
1190,1191,92,15,2023-07-17 01:38:41,1,130.98
1191,1192,136,86,2023-09-19 06:42:50,2,22.75
1192,1193,103,20,2024-07-09 20:15:28,3,25.61
1193,1194,148,13,2024-06-10 13:07:36,2,77.64
1194,1195,184,96,2024-10-24 19:34:33,1,122.67
1195,1196,423,43,2023-07-14 12:46:07,1,90.14
1196,1197,46,60,2023-10-06 04:05:59,1,49.69
1197,1198,380,61,2024-07-16 05:48:34,2,74.13
1198,1199,340,44,2023-12-03 04:24:52,3,102.11
1199,1200,271,44,2023-08-16 17:19:04,1,113.67
1200,1201,52,96,2025-01-25 01:21:18,2,104.02
1201,1202,148,4,2025-03-27 02:02:45,2,103.56
1202,1203,148,26,2023-07-12 19:30:54,1,49.57
1203,1204,444,52,2024-11-28 12:26:45,3,82.81
1204,1205,321,11,2025-01-20 15:03:07,2,48.75
1205,1206,234,92,2024-12-27 10:58:33,3,85.35
1206,1207,335,64,2023-12-20 08:09:05,2,30.1
1207,1208,188,40,2024-01-05 23:12:40,3,32.12
1208,1209,447,63,2023-11-12 01:15:50,1,25.13
1209,1210,297,66,2024-08-03 20:02:09,1,73.43
1210,1211,358,13,2025-01-18 04:18:07,1,76.03
1211,1212,5,54,2024-05-02 08:29:09,1,107.56
1212,1213,208,4,2024-11-20 04:10:50,2,82.6
1213,1214,55,99,2024-06-07 05:08:49,2,71.16
1214,1215,55,4,2024-05-31 15:28:35,3,105.15
1215,1216,60,1,2024-04-15 11:07:42,3,47.46
1216,1217,327,63,2023-09-16 09:39:55,3,25.92
1217,1218,290,93,2024-08-05 07:30:17,2,48.14
1218,1219,71,33,2024-08-10 10:24:27,2,79.46
1219,1220,183,42,2023-10-12 07:05:50,3,65.63
1220,1221,93,82,2025-01-22 06:00:01,2,143.92
1221,1222,369,72,2025-01-23 10:34:46,1,33.99
1222,1223,215,87,2024-12-29 07:26:28,3,141.1
1223,1224,403,70,2025-05-03 20:23:52,1,133.96
1224,1225,134,96,2025-04-07 01:25:40,1,122.74
1225,1226,60,60,2024-11-03 15:53:53,1,40.61
1226,1227,139,61,2024-06-22 00:15:50,2,72.1
1227,1228,449,69,2025-03-13 15:42:16,2,130.06
1228,1229,409,17,2023-12-17 15:34:12,2,12.78
1229,1230,357,86,2025-05-24 14:50:16,3,17.47
1230,1231,265,86,2023-12-19 22:08:08,2,20.36
1231,1232,257,20,2024-09-19 22:17:17,1,20.46
1232,1233,198,22,2024-06-12 04:39:41,2,71.77
1233,1234,227,14,2024-10-06 22:13:00,1,32.24
1234,1235,139,33,2023-10-15 09:50:52,3,84.54
1235,1236,469,19,2025-02-19 18:35:03,1,70.19
1236,1237,500,40,2023-08-09 18:49:58,3,35.27
1237,1238,191,6,2024-05-19 17:18:32,3,11.8
1238,1239,281,10,2023-06-29 23:19:09,2,89.73
1239,1240,336,33,2025-01-25 03:45:04,3,76.92
1240,1241,259,61,2025-03-07 15:23:23,1,71.53
1241,1242,406,95,2025-03-18 17:34:40,2,95.37
1242,1243,150,41,2024-05-30 13:24:21,1,140.52
1243,1244,188,95,2024-06-24 07:51:33,3,107.03
1244,1245,433,69,2023-07-29 10:42:11,3,104.2
1245,1246,249,49,2023-09-23 03:24:44,1,32.25
1246,1247,144,99,2025-01-25 01:51:38,1,58.5
1247,1248,132,82,2024-08-20 08:53:49,3,121.08
1248,1249,376,15,2023-09-18 01:05:37,3,133.08
1249,1250,107,51,2025-04-07 11:22:29,1,66.01
1250,1251,422,4,2024-01-06 18:20:13,2,86.41
1251,1252,38,40,2024-04-21 15:53:20,2,41.75
1252,1253,210,47,2024-09-05 08:31:40,3,75.82
1253,1254,359,25,2023-08-29 21:20:32,1,66.8
1254,1255,154,77,2024-07-25 13:58:04,1,69.96
1255,1256,160,34,2023-09-29 03:48:50,2,110.95
1256,1257,200,68,2023-08-22 01:17:08,1,150.53
1257,1258,84,34,2024-12-14 00:47:19,2,104.41
1258,1259,356,33,2025-05-12 10:14:51,3,76.16
1259,1260,496,6,2024-10-22 06:20:29,3,11.96
1260,1261,346,20,2024-11-23 10:32:46,3,22.58
1261,1262,89,38,2025-02-06 07:10:38,2,130.81
1262,1263,245,55,2024-11-04 21:55:48,3,42.39
1263,1264,25,86,2025-04-09 05:52:52,1,21.1
1264,1265,198,3,2025-05-06 09:14:20,2,130.53
1265,1266,280,82,2024-03-06 16:46:50,2,124.89
1266,1267,286,90,2024-02-19 23:39:11,2,144.11
1267,1268,103,23,2025-03-09 17:23:38,1,21.06
1268,1269,353,93,2024-02-20 11:50:34,3,57.29
1269,1270,107,3,2024-10-01 03:33:17,3,134.82
1270,1271,339,32,2023-11-16 16:49:46,3,79.41
1271,1272,113,17,2024-03-22 10:47:13,1,12.4
1272,1273,263,38,2024-05-11 18:34:59,2,146.76
1273,1274,468,75,2024-12-16 06:38:45,2,44.09
1274,1275,266,9,2024-03-25 09:10:40,2,138.27
1275,1276,464,32,2024-06-18 12:53:24,3,78.53
1276,1277,103,44,2025-05-30 16:18:21,2,98.54
1277,1278,267,35,2024-07-15 12:30:27,1,54.21
1278,1279,21,74,2024-08-28 20:01:43,1,58.58
1279,1280,24,94,2024-03-14 03:29:00,1,96.44
1280,1281,482,50,2025-01-16 17:37:52,3,23.96
1281,1282,198,57,2024-11-19 07:22:09,1,128.22
1282,1283,332,70,2025-03-02 12:54:39,1,126.59
1283,1284,393,66,2024-11-10 05:34:26,3,78.69
1284,1285,149,24,2025-04-16 14:26:32,3,119.68
1285,1286,324,43,2023-10-22 21:15:11,1,87.66
1286,1287,84,78,2024-09-11 08:00:32,1,57.84
1287,1288,385,23,2025-01-24 06:07:40,2,21.72
1288,1289,487,8,2024-10-04 11:02:12,3,120.76
1289,1290,139,84,2025-01-04 09:18:55,2,88.1
1290,1291,177,78,2024-03-26 04:32:48,3,56.72
1291,1292,342,100,2023-10-18 01:06:49,3,45.39
1292,1293,392,29,2024-07-15 12:26:48,3,54.39
1293,1294,82,29,2023-07-15 22:02:11,3,50.79
1294,1295,343,1,2025-05-04 15:24:15,2,44.69
1295,1296,364,29,2025-01-14 16:56:01,3,38.91
1296,1297,42,87,2025-05-07 08:55:22,2,175.69
1297,1298,310,57,2023-12-25 15:38:24,2,119.88
1298,1299,299,80,2024-04-06 00:11:49,2,92.14
1299,1300,32,25,2025-05-12 06:16:59,3,72.89
1300,1301,199,97,2024-04-03 23:25:55,1,47.81
1301,1302,252,34,2024-11-29 00:37:59,1,132.45
1302,1303,235,80,2024-06-29 03:24:34,1,110.74
1303,1304,246,43,2024-10-17 05:37:29,3,92.77
1304,1305,267,57,2024-09-27 15:00:53,1,125.22
1305,1306,21,16,2023-09-22 10:22:01,3,67.24
1306,1307,221,67,2025-04-27 01:54:29,2,104.81
1307,1308,293,56,2025-02-10 07:29:50,3,135.47
1308,1309,187,90,2023-11-24 07:37:14,1,120.81
1309,1310,176,81,2023-08-10 23:42:52,3,48.6
1310,1311,124,87,2024-11-19 11:31:07,2,146.9
1311,1312,393,17,2024-06-11 20:11:40,1,12.54
1312,1313,189,76,2024-08-09 10:12:36,3,181.61
1313,1314,295,83,2023-11-16 01:42:29,1,127.99
1314,1315,407,97,2025-01-21 18:18:37,1,39.35
1315,1316,276,46,2024-07-28 22:34:53,3,101.99
1316,1317,332,55,2024-05-15 16:43:24,1,41.34
1317,1318,419,32,2023-12-30 18:58:40,1,74.04
1318,1319,495,13,2023-07-02 12:25:22,1,90.99
1319,1320,245,12,2024-02-15 04:40:36,3,120.58
1320,1321,479,61,2024-03-30 05:38:29,2,69.44
1321,1322,348,88,2024-01-25 17:55:32,1,79.03
1322,1323,213,88,2023-11-13 22:36:26,2,66.78
1323,1324,123,80,2024-08-08 19:35:32,1,118.8
1324,1325,477,91,2025-06-01 13:30:01,3,96.09
1325,1326,225,5,2025-05-26 22:56:08,2,77.75
1326,1327,426,16,2025-04-24 12:58:53,1,57.09
1327,1328,401,95,2025-05-28 03:42:10,3,99.27
1328,1329,306,63,2024-05-15 22:48:01,2,28.7
1329,1330,350,89,2024-02-15 01:36:19,2,91.3
1330,1331,348,92,2023-10-13 09:54:59,1,93.71
1331,1332,68,14,2023-07-19 11:00:40,1,42.35
1332,1333,462,29,2023-08-17 10:04:07,3,47.49
1333,1334,311,58,2024-08-25 19:46:52,2,111.93
1334,1335,130,95,2023-07-10 12:55:48,3,97.7
1335,1336,3,56,2024-08-23 09:30:53,2,130.85
1336,1337,278,32,2024-03-31 16:43:03,3,83.38
1337,1338,251,32,2023-10-05 06:46:20,1,87.25
1338,1339,425,27,2023-12-04 23:09:32,1,104.54
1339,1340,99,37,2023-10-03 05:24:45,3,64.72
1340,1341,479,71,2024-02-10 12:19:58,2,61.27
1341,1342,236,99,2024-10-23 16:50:38,2,68.79
1342,1343,332,12,2024-04-24 05:27:33,2,110.11
1343,1344,212,60,2024-06-06 05:19:44,1,47.62
1344,1345,239,35,2023-09-14 05:20:34,3,66.66
1345,1346,272,49,2025-06-02 04:35:08,3,28.32
1346,1347,175,53,2023-09-24 09:42:29,3,40.83
1347,1348,440,86,2023-09-07 02:35:21,3,20.47
1348,1349,474,12,2023-09-30 01:26:57,1,126.56
1349,1350,124,80,2025-05-27 13:37:49,1,91.45
1350,1351,270,21,2023-11-27 01:26:28,3,10.65
1351,1352,317,93,2023-10-14 14:37:55,2,55.19
1352,1353,401,55,2024-04-04 10:19:32,3,37.85
1353,1354,206,58,2025-03-03 12:36:36,3,134.47
1354,1355,423,76,2024-03-05 21:54:47,1,157.96
1355,1356,241,37,2024-07-01 12:15:24,2,55.42
1356,1357,387,29,2024-01-04 06:28:34,3,42.73
1357,1358,84,79,2023-11-13 04:30:21,3,136.14
1358,1359,32,37,2024-11-22 19:23:11,2,53.11
1359,1360,268,70,2023-10-03 02:38:44,3,153.47
1360,1361,263,63,2025-01-26 22:19:44,3,23.26
1361,1362,292,5,2023-07-04 11:05:28,2,86.09
1362,1363,384,58,2024-07-13 14:02:46,2,113.59
1363,1364,201,55,2023-11-14 08:14:46,1,36.67
1364,1365,475,15,2024-09-12 17:23:24,2,154.78
1365,1366,12,57,2025-04-19 02:14:40,2,108.38
1366,1367,439,31,2023-10-14 04:00:57,2,144.94
1367,1368,270,94,2025-04-15 01:22:58,1,111.43
1368,1369,95,85,2024-09-15 22:05:51,2,45.71
1369,1370,298,31,2023-10-26 17:04:29,3,108.06
1370,1371,101,24,2024-01-08 06:26:27,2,102.35
1371,1372,32,31,2024-05-29 03:43:42,1,133.44
1372,1373,368,94,2024-12-26 17:53:41,1,100.61
1373,1374,460,16,2024-03-08 01:28:49,3,55.59
1374,1375,489,63,2025-05-11 15:05:09,3,24.13
1375,1376,103,25,2024-08-20 23:20:50,1,65.2
1376,1377,439,49,2025-01-08 11:23:24,2,24.49
1377,1378,278,77,2025-02-03 18:52:50,1,58.25
1378,1379,485,70,2024-12-02 22:25:51,1,123.87
1379,1380,325,12,2023-09-29 18:10:38,2,115.4
1380,1381,9,23,2023-09-11 06:02:28,1,20.3
1381,1382,253,8,2023-08-18 16:37:56,2,122.6
1382,1383,311,68,2023-10-20 20:10:03,3,159.97
1383,1384,128,30,2023-07-09 22:55:39,2,16.49
1384,1385,387,36,2025-03-12 06:44:03,1,167.25
1385,1386,94,76,2023-12-29 22:56:28,1,139.58
1386,1387,247,40,2024-09-30 21:23:28,3,39.74
1387,1388,132,2,2024-01-09 23:43:24,3,96.1
1388,1389,403,40,2023-10-06 04:31:14,3,40.15
1389,1390,159,14,2025-03-03 23:40:12,2,45.24
1390,1391,262,66,2025-05-05 04:54:45,2,84.43
1391,1392,198,28,2025-04-19 18:02:17,1,77.78
1392,1393,87,95,2025-04-23 11:18:45,3,76.67
1393,1394,173,56,2023-09-30 21:40:47,2,127.7
1394,1395,128,92,2023-10-11 15:59:53,3,108.84
1395,1396,194,1,2023-06-12 02:05:04,2,46.68
1396,1397,419,17,2024-07-02 03:54:36,2,15.5
1397,1398,76,79,2024-01-10 18:29:12,3,148.66
1398,1399,248,38,2023-09-23 06:42:53,3,175.42
1399,1400,218,89,2024-04-03 08:45:29,2,101.78
1400,1401,49,49,2024-04-08 01:41:54,3,32.21
1401,1402,84,8,2024-03-28 07:09:36,3,134.52
1402,1403,475,29,2024-12-03 01:44:19,1,41.56
1403,1404,203,1,2023-11-16 22:31:46,1,51.42
1404,1405,366,16,2024-04-25 01:37:26,1,51.69
1405,1406,346,39,2023-09-29 04:01:11,2,65.48
1406,1407,488,37,2024-08-28 11:49:49,2,53.8
1407,1408,450,81,2023-06-27 02:04:31,3,50.26
1408,1409,189,89,2024-05-07 08:01:31,2,91.27
1409,1410,328,56,2023-10-06 07:06:51,2,133.64
1410,1411,7,38,2024-08-07 15:49:59,1,127.98
1411,1412,277,50,2023-10-03 10:39:30,3,29.16
1412,1413,6,13,2025-01-03 08:56:14,1,85.62
1413,1414,162,58,2024-12-06 22:22:23,1,119.51
1414,1415,242,66,2025-03-19 06:27:19,1,77.15
1415,1416,487,61,2024-05-08 02:12:31,1,81.31
1416,1417,477,86,2023-08-01 01:11:26,2,18.64
1417,1418,115,8,2024-10-03 17:10:30,3,145.3
1418,1419,432,48,2024-07-06 22:11:03,3,49.03
1419,1420,257,72,2024-12-25 08:59:38,3,31.85
1420,1421,109,28,2025-04-25 11:35:59,2,97.46
1421,1422,412,14,2023-08-22 20:03:08,1,41.35
1422,1423,289,35,2024-11-10 09:13:48,1,52.99
1423,1424,488,31,2024-05-18 11:02:18,1,143.23
1424,1425,134,59,2023-08-13 08:00:46,2,124.99
1425,1426,359,32,2024-11-30 13:55:05,1,76.64
1426,1427,499,80,2024-07-29 19:35:41,3,111.98
1427,1428,307,95,2023-12-29 05:14:07,1,83.75
1428,1429,492,93,2025-02-19 18:50:59,3,51.65
1429,1430,448,98,2023-10-06 14:32:21,3,129.78
1430,1431,44,70,2024-12-04 23:01:50,2,143.99
1431,1432,339,92,2023-09-20 20:40:15,2,109.69
1432,1433,389,34,2024-11-18 02:35:08,3,127.5
1433,1434,440,9,2025-03-29 00:08:49,3,137.98
1434,1435,272,5,2024-11-25 16:14:17,3,82.03
1435,1436,363,91,2024-02-10 09:34:14,3,100.11
1436,1437,113,94,2024-12-23 19:25:40,2,102.42
1437,1438,30,82,2024-10-17 15:17:04,3,160.75
1438,1439,296,18,2025-03-12 06:30:52,2,122.76
1439,1440,50,17,2023-06-15 23:15:07,3,16.62
1440,1441,68,16,2024-03-22 04:08:54,1,54.44
1441,1442,89,87,2024-05-10 08:01:21,1,142.59
1442,1443,485,4,2025-01-24 17:14:33,1,78.46
1443,1444,248,6,2025-05-21 05:31:56,3,10.52
1444,1445,220,23,2023-11-30 22:27:44,1,20.34
1445,1446,252,34,2024-07-02 15:28:24,1,102.98
1446,1447,145,93,2023-08-25 23:23:55,3,57.38
1447,1448,168,86,2023-07-23 21:23:44,3,17.96
1448,1449,202,66,2023-10-02 00:12:29,1,69.18
1449,1450,481,89,2025-04-15 06:05:52,1,95.96
1450,1451,456,6,2024-08-10 12:47:24,1,11.92
1451,1452,445,7,2023-11-29 11:30:34,1,144.16
1452,1453,215,12,2025-04-13 08:19:06,1,119.91
1453,1454,34,90,2025-05-12 16:29:11,3,125.95
1454,1455,295,84,2025-02-27 19:22:46,1,89.03
1455,1456,467,12,2024-08-31 20:20:56,3,123.87
1456,1457,175,72,2024-01-02 05:42:59,1,42.29
1457,1458,333,66,2023-11-23 23:01:38,3,69.13
1458,1459,22,66,2025-05-29 14:00:58,3,82.29
1459,1460,32,92,2024-10-31 06:39:38,2,118.41
1460,1461,222,50,2023-09-01 18:46:54,3,25.33
1461,1462,42,12,2025-03-06 23:46:13,3,96.04
1462,1463,133,79,2024-03-05 10:29:32,2,191.36
1463,1464,103,51,2024-03-27 01:27:43,3,67.49
1464,1465,217,90,2023-10-18 04:24:33,1,117.32
1465,1466,328,61,2024-07-04 02:40:28,3,72.66
1466,1467,312,100,2024-10-27 06:18:08,2,47.81
1467,1468,314,7,2024-09-07 13:34:19,2,137.16
1468,1469,39,48,2024-06-21 13:06:09,3,39.3
1469,1470,448,1,2025-04-03 04:39:52,3,42.6
1470,1471,151,75,2024-01-21 03:03:51,1,50.88
1471,1472,82,75,2025-01-02 01:58:39,2,47.61
1472,1473,162,39,2024-02-25 06:15:53,1,89.6
1473,1474,302,22,2024-05-07 00:55:46,3,88.24
1474,1475,416,25,2023-12-09 00:50:51,1,52.54
1475,1476,356,8,2025-03-29 08:48:12,1,144.96
1476,1477,279,74,2023-11-02 03:41:43,2,49.13
1477,1478,217,83,2025-01-06 03:49:39,3,148.02
1478,1479,485,36,2023-10-21 12:00:53,2,152.22
1479,1480,14,63,2024-12-02 06:23:02,3,29.04
1480,1481,34,80,2023-07-24 01:13:59,2,89.93
1481,1482,128,29,2024-09-24 21:23:45,1,54.67
1482,1483,7,69,2024-07-11 14:59:21,1,106.83
1483,1484,409,39,2023-12-29 13:17:04,1,79.58
1484,1485,309,75,2024-08-02 01:00:44,2,48.17
1485,1486,488,10,2024-05-13 21:59:25,1,70.47
1486,1487,370,70,2024-04-05 06:01:14,2,109.05
1487,1488,5,70,2025-01-23 18:38:45,1,119.1
1488,1489,210,12,2023-11-17 13:17:08,3,114.78
1489,1490,452,15,2025-06-03 10:08:57,2,184.16
1490,1491,427,2,2023-07-15 15:55:46,3,116.48
1491,1492,10,53,2024-06-22 02:33:06,2,44.88
1492,1493,58,18,2024-05-04 22:13:58,1,145.62
1493,1494,2,86,2024-01-15 19:16:31,1,23.28
1494,1495,468,34,2024-04-01 12:30:29,2,126.35
1495,1496,13,95,2024-08-01 13:13:11,2,92.1
1496,1497,265,5,2025-02-08 11:57:13,1,67.41
1497,1498,367,71,2024-10-28 11:43:45,1,80.6
1498,1499,251,49,2024-11-26 22:24:36,3,30.84
1499,1500,335,2,2024-07-14 21:59:16,2,102.9
1500,1501,153,60,2023-08-07 12:39:35,2,43.87
1501,1502,102,5,2023-10-30 12:31:09,3,92.05
1502,1503,210,83,2023-11-12 08:48:09,3,125.2
1503,1504,13,97,2025-04-17 16:49:32,1,45.0
1504,1505,83,92,2024-04-14 16:33:04,3,113.3
1505,1506,190,38,2024-09-02 17:22:12,3,131.32
1506,1507,181,60,2023-12-17 08:36:41,2,40.75
1507,1508,149,12,2024-12-07 12:24:54,3,122.91
1508,1509,77,15,2024-01-24 14:17:53,2,162.21
1509,1510,191,85,2024-12-26 20:17:35,2,45.51
1510,1511,141,23,2024-10-23 05:44:01,2,24.43
1511,1512,400,66,2024-10-19 10:28:18,2,76.48
1512,1513,68,25,2024-07-30 10:56:01,3,51.64
1513,1514,79,18,2024-01-11 22:11:09,2,127.31
1514,1515,161,59,2023-09-06 13:39:26,1,159.71
1515,1516,450,75,2023-11-07 03:54:24,1,49.04
1516,1517,429,65,2024-10-27 21:26:22,1,68.74
1517,1518,466,65,2024-06-13 11:24:16,1,65.54
1518,1519,320,98,2025-04-23 07:40:28,1,131.2
1519,1520,49,62,2023-06-12 07:01:54,2,131.59
1520,1521,464,33,2025-02-20 02:47:21,1,85.97
1521,1522,285,63,2024-05-21 13:39:17,2,24.71
1522,1523,85,70,2025-04-21 05:18:23,3,142.26
1523,1524,423,51,2023-12-05 18:46:24,3,69.52
1524,1525,235,19,2023-11-24 18:57:40,3,80.12
1525,1526,295,24,2024-05-09 12:06:28,2,107.19
1526,1527,181,22,2025-03-02 10:10:34,2,93.38
1527,1528,161,81,2023-06-16 22:37:29,2,48.44
1528,1529,377,98,2024-12-16 23:41:45,3,130.35
1529,1530,15,97,2024-09-08 04:51:41,2,47.11
1530,1531,79,94,2024-08-19 10:49:31,2,102.51
1531,1532,194,13,2024-07-29 18:37:41,3,68.01
1532,1533,412,40,2025-02-03 05:55:03,2,31.39
1533,1534,359,91,2024-07-13 00:38:10,2,106.56
1534,1535,472,63,2024-08-31 01:47:51,1,23.29
1535,1536,331,28,2024-01-12 01:04:50,1,75.74
1536,1537,409,20,2024-03-01 07:52:18,1,27.53
1537,1538,460,48,2024-02-25 05:43:10,3,44.89
1538,1539,57,49,2024-08-05 08:09:08,2,27.65
1539,1540,495,31,2023-11-18 12:29:16,3,131.63
1540,1541,161,72,2025-02-10 00:30:19,1,33.16
1541,1542,448,44,2024-05-28 20:11:39,1,85.12
1542,1543,205,30,2024-06-13 07:04:16,1,21.4
1543,1544,136,68,2024-03-28 15:04:42,1,166.69
1544,1545,410,51,2025-04-29 00:36:32,3,62.01
1545,1546,391,41,2024-09-17 11:49:09,2,138.96
1546,1547,71,77,2025-05-30 06:09:06,1,53.29
1547,1548,424,89,2024-09-14 16:35:28,1,119.9
1548,1549,128,57,2024-02-17 18:09:31,1,120.75
1549,1550,27,77,2025-05-16 00:36:21,2,50.37
1550,1551,214,38,2024-03-01 18:16:08,2,134.45
1551,1552,308,2,2025-01-25 04:53:19,1,111.54
1552,1553,461,32,2024-01-26 21:39:47,1,78.88
1553,1554,258,49,2024-06-06 02:31:47,2,26.47
1554,1555,172,67,2025-06-02 06:13:40,1,124.21
1555,1556,16,59,2023-09-16 04:07:18,2,171.38
1556,1557,482,15,2025-05-07 17:38:29,3,172.13
1557,1558,45,57,2024-06-05 07:53:12,3,127.81
1558,1559,444,64,2025-02-13 11:13:29,3,34.2
1559,1560,319,55,2023-09-17 21:08:34,2,45.31
1560,1561,85,25,2024-05-01 11:52:54,1,70.57
1561,1562,32,14,2025-04-07 19:44:31,2,34.53
1562,1563,136,84,2023-07-19 12:05:18,3,96.66
1563,1564,282,73,2024-12-04 19:23:24,3,131.62
1564,1565,294,23,2025-06-01 04:39:58,2,21.37
1565,1566,11,20,2023-09-07 20:09:43,3,20.75
1566,1567,28,90,2023-10-18 17:36:58,3,116.47
1567,1568,96,47,2024-02-05 06:42:58,1,71.15
1568,1569,190,66,2025-05-18 21:19:04,3,78.26
1569,1570,381,92,2023-12-23 18:54:56,1,90.04
1570,1571,2,98,2023-07-25 12:06:13,1,126.81
1571,1572,323,92,2024-06-27 21:39:32,2,93.8
1572,1573,494,58,2024-02-28 14:57:38,2,113.4
1573,1574,500,50,2023-08-13 21:11:48,2,31.05
1574,1575,345,27,2024-04-24 04:02:29,2,100.93
1575,1576,149,29,2023-10-09 11:56:41,2,53.64
1576,1577,425,11,2023-09-30 03:08:59,1,38.1
1577,1578,496,36,2024-09-21 20:39:58,1,120.86
1578,1579,220,11,2025-04-29 03:22:26,3,40.47
1579,1580,454,49,2025-01-12 23:27:49,1,27.44
1580,1581,180,29,2024-09-05 02:45:44,1,47.49
1581,1582,242,2,2024-12-06 04:50:40,1,95.91
1582,1583,110,89,2023-10-18 17:03:35,3,105.16
1583,1584,213,70,2025-05-10 13:52:49,1,137.48
1584,1585,439,51,2025-02-08 09:13:03,3,81.47
1585,1586,295,94,2024-04-10 15:21:43,2,109.31
1586,1587,290,58,2023-08-23 01:22:58,2,124.68
1587,1588,310,95,2024-12-20 12:02:03,2,98.99
1588,1589,294,2,2025-04-03 18:32:17,1,95.2
1589,1590,262,100,2023-09-29 17:54:51,3,59.28
1590,1591,215,78,2024-03-23 22:55:46,3,54.32
1591,1592,229,28,2025-04-15 02:51:24,1,74.84
1592,1593,148,80,2024-05-15 04:45:20,1,108.98
1593,1594,365,14,2025-04-22 19:50:45,3,38.69
1594,1595,256,2,2024-10-10 09:42:46,3,85.35
1595,1596,197,35,2024-03-20 23:32:41,2,61.71
1596,1597,363,62,2025-04-28 18:46:39,2,128.37
1597,1598,128,83,2023-11-07 22:00:58,1,114.35
1598,1599,221,47,2025-02-27 03:48:13,1,74.28
1599,1600,188,38,2023-10-08 23:46:38,3,142.11
1600,1601,421,50,2025-01-27 19:30:28,2,29.25
1601,1602,143,7,2024-11-13 11:38:49,1,168.09
1602,1603,377,31,2025-03-23 19:50:06,2,123.63
1603,1604,308,9,2024-08-20 10:07:44,3,123.58
1604,1605,405,12,2024-11-05 05:57:41,3,124.71
1605,1606,30,79,2024-04-01 14:53:18,2,178.03
1606,1607,212,39,2023-08-18 06:31:06,3,80.29
1607,1608,397,63,2024-04-25 07:11:36,3,22.78
1608,1609,399,77,2024-01-24 16:29:51,3,63.4
1609,1610,73,79,2025-04-22 01:11:37,1,155.12
1610,1611,72,80,2024-11-28 11:57:22,1,116.12
1611,1612,32,89,2024-03-26 10:31:23,2,118.77
1612,1613,336,4,2024-11-19 02:33:13,3,95.44
1613,1614,322,12,2024-06-16 16:31:56,1,94.68
1614,1615,444,72,2024-08-28 06:59:19,3,35.13
1615,1616,185,54,2023-07-12 23:07:24,1,91.19
1616,1617,69,59,2023-07-22 17:56:13,3,132.18
1617,1618,108,70,2024-01-13 06:51:49,1,133.09
1618,1619,63,72,2025-05-08 18:51:00,2,35.33
1619,1620,66,72,2024-11-08 09:50:56,2,40.0
1620,1621,434,16,2023-06-15 08:48:00,2,56.56
1621,1622,106,38,2023-08-24 05:32:33,2,172.63
1622,1623,342,65,2024-10-28 19:30:38,3,79.54
1623,1624,494,37,2024-07-30 18:10:44,3,47.99
1624,1625,73,7,2023-06-08 22:37:53,3,168.1
1625,1626,469,97,2024-03-17 01:26:13,3,39.23
1626,1627,308,44,2024-10-11 03:49:18,1,110.53
1627,1628,82,42,2024-06-20 03:08:14,3,61.75
1628,1629,69,81,2025-03-13 06:55:09,1,40.39
1629,1630,89,11,2024-04-02 17:27:53,1,39.24
1630,1631,16,6,2024-02-02 20:38:02,3,10.42
1631,1632,368,46,2025-03-23 10:56:49,2,122.93
1632,1633,59,12,2025-05-09 05:18:19,3,124.15
1633,1634,133,39,2024-01-11 18:23:45,2,63.49
1634,1635,204,5,2024-05-21 08:19:28,3,89.27
1635,1636,98,95,2024-03-27 22:23:14,2,89.1
1636,1637,455,14,2024-04-24 07:29:19,3,38.11
1637,1638,490,10,2024-01-29 23:39:45,3,78.48
1638,1639,19,89,2025-01-28 11:04:22,2,114.98
1639,1640,122,65,2024-05-12 06:30:47,3,81.83
1640,1641,407,33,2024-07-24 08:56:06,1,78.04
1641,1642,386,75,2024-05-07 09:53:24,3,42.82
1642,1643,78,76,2024-10-17 11:11:26,1,128.39
1643,1644,464,44,2024-12-08 00:33:25,1,96.66
1644,1645,224,51,2024-06-23 00:37:46,2,57.9
1645,1646,6,44,2023-10-19 00:11:09,3,82.6
1646,1647,320,6,2024-05-04 13:39:13,3,12.56
1647,1648,28,80,2024-04-06 00:46:06,2,102.67
1648,1649,49,13,2024-04-07 07:13:44,3,67.49
1649,1650,306,37,2023-07-31 19:54:53,1,62.45
1650,1651,130,61,2025-03-09 02:11:52,2,81.37
1651,1652,381,51,2023-11-27 14:07:07,1,57.76
1652,1653,319,52,2024-12-06 04:06:16,3,87.18
1653,1654,265,1,2025-05-17 02:12:22,2,49.37
1654,1655,254,86,2023-08-25 03:56:31,2,17.5
1655,1656,450,91,2024-08-07 12:04:36,1,80.95
1656,1657,136,22,2024-02-10 17:54:36,3,87.28
1657,1658,295,45,2024-05-20 05:45:57,1,100.48
1658,1659,15,24,2024-08-31 02:25:25,3,89.94
1659,1660,14,48,2024-07-07 02:04:38,3,50.48
1660,1661,437,9,2025-05-24 00:58:23,3,113.17
1661,1662,317,11,2024-09-06 17:49:43,1,41.89
1662,1663,342,19,2025-04-05 07:07:11,2,85.31
1663,1664,93,4,2024-11-30 03:50:10,1,107.14
1664,1665,101,19,2024-01-01 22:05:48,3,76.88
1665,1666,492,80,2025-04-17 21:05:48,1,105.41
1666,1667,118,96,2024-08-09 04:43:39,3,109.01
1667,1668,319,42,2023-12-11 16:49:21,3,66.63
1668,1669,446,88,2025-03-17 10:47:52,2,83.38
1669,1670,371,52,2025-03-09 18:36:38,1,76.96
1670,1671,445,18,2023-11-02 15:44:54,3,106.94
1671,1672,203,47,2025-01-03 08:24:12,3,77.84
1672,1673,236,11,2024-05-20 22:22:12,2,46.0
1673,1674,492,47,2024-02-29 22:32:34,1,80.96
1674,1675,473,79,2024-10-01 07:30:46,1,141.02
1675,1676,178,30,2025-01-18 12:13:04,1,17.12
1676,1677,208,32,2024-03-26 08:24:52,2,84.19
1677,1678,482,22,2024-05-12 16:42:43,3,70.89
1678,1679,234,65,2024-11-03 21:35:17,1,63.91
1679,1680,271,60,2025-03-05 15:57:15,3,40.48
1680,1681,308,78,2024-03-26 18:50:24,1,62.93
1681,1682,75,94,2025-01-26 13:47:32,2,102.15
1682,1683,323,70,2023-10-19 07:20:07,3,137.41
1683,1684,387,64,2024-01-21 03:04:01,2,37.45
1684,1685,153,44,2024-08-21 16:23:52,1,91.6
1685,1686,431,48,2023-08-21 18:23:44,1,42.85
1686,1687,405,61,2024-07-24 15:35:08,2,72.25
1687,1688,156,74,2023-09-28 13:10:11,3,63.46
1688,1689,322,94,2023-11-09 17:03:09,3,124.08
1689,1690,469,75,2024-09-16 23:19:37,3,39.88
1690,1691,109,50,2024-04-30 08:38:51,2,30.14
1691,1692,295,100,2024-07-02 09:40:13,3,51.4
1692,1693,216,81,2025-02-04 19:47:51,1,50.59
1693,1694,372,52,2024-09-07 13:56:39,2,70.52
1694,1695,499,85,2024-07-01 08:59:05,1,58.39
1695,1696,21,20,2025-05-20 19:02:43,2,20.09
1696,1697,141,36,2023-10-21 17:39:51,1,166.62
1697,1698,337,55,2024-08-28 05:00:12,1,44.7
1698,1699,268,61,2024-06-08 09:44:27,3,81.13
1699,1700,59,69,2024-07-22 03:51:42,3,105.18
1700,1701,265,76,2024-10-15 21:29:50,1,178.28
1701,1702,274,79,2023-10-12 17:52:32,3,157.18
1702,1703,357,98,2024-10-02 04:20:49,2,100.34
1703,1704,315,78,2025-04-17 19:43:48,1,66.93
1704,1705,239,84,2024-12-01 10:34:05,2,78.11
1705,1706,285,20,2025-05-25 18:21:46,1,21.95
1706,1707,418,58,2025-05-23 08:50:21,3,150.19
1707,1708,296,27,2024-02-12 04:08:21,2,96.11
1708,1709,222,85,2024-03-17 19:18:09,3,55.02
1709,1710,308,19,2024-10-07 14:37:17,2,74.5
1710,1711,212,41,2023-06-20 14:24:08,2,138.86
1711,1712,198,18,2023-06-12 17:57:01,3,124.5
1712,1713,425,93,2024-10-17 21:53:31,1,55.34
1713,1714,440,40,2023-09-08 22:50:10,3,32.82
1714,1715,214,96,2024-07-13 12:20:45,2,109.01
1715,1716,103,6,2023-09-19 18:49:51,3,10.19
1716,1717,149,64,2023-07-02 08:41:02,1,40.39
1717,1718,291,66,2023-11-30 00:21:39,2,81.42
1718,1719,410,77,2024-12-04 07:24:45,1,54.75
1719,1720,11,75,2023-12-20 19:07:13,1,49.03
1720,1721,381,66,2023-10-19 05:32:40,1,76.25
1721,1722,39,76,2024-02-20 03:42:44,3,168.39
1722,1723,437,57,2024-05-04 01:50:11,1,94.36
1723,1724,200,11,2024-04-22 15:10:12,2,45.4
1724,1725,153,79,2023-09-04 08:40:30,1,152.65
1725,1726,447,66,2024-11-02 08:42:37,1,64.86
1726,1727,18,84,2024-07-28 10:54:32,1,82.66
1727,1728,259,18,2023-07-02 03:48:32,3,138.9
1728,1729,270,97,2024-06-28 15:47:40,1,42.04
1729,1730,212,52,2024-01-31 06:12:48,2,87.83
1730,1731,437,73,2024-03-19 01:50:38,2,101.83
1731,1732,18,17,2024-11-14 10:45:05,1,14.39
1732,1733,414,57,2023-06-13 09:13:15,2,131.21
1733,1734,464,17,2024-02-17 04:41:51,2,13.78
1734,1735,116,88,2024-12-18 23:05:01,3,74.03
1735,1736,309,30,2024-12-22 02:25:11,1,19.76
1736,1737,487,75,2025-01-24 19:12:39,1,39.65
1737,1738,137,99,2024-12-30 17:54:59,1,78.97
1738,1739,295,76,2024-04-01 20:23:58,3,165.79
1739,1740,463,53,2024-07-25 15:14:21,3,41.84
1740,1741,266,51,2023-09-23 23:27:32,1,69.34
1741,1742,448,50,2023-06-26 13:53:05,1,30.53
1742,1743,293,81,2025-01-26 07:54:47,2,41.79
1743,1744,143,100,2023-10-16 14:22:24,2,45.54
1744,1745,468,71,2024-03-21 22:30:26,2,64.89
1745,1746,497,33,2023-07-14 01:41:22,3,70.39
1746,1747,172,62,2025-02-28 01:48:11,1,132.74
1747,1748,374,12,2024-02-08 04:15:26,1,115.8
1748,1749,185,78,2024-04-15 22:17:46,3,65.31
1749,1750,139,26,2024-09-27 02:32:49,2,56.41
1750,1751,497,48,2025-05-07 15:04:39,2,42.83
1751,1752,82,29,2024-03-16 00:04:38,3,41.42
1752,1753,121,82,2023-08-11 15:29:54,2,124.05
1753,1754,133,98,2024-03-24 22:53:35,3,113.6
1754,1755,139,98,2024-03-16 12:55:27,1,131.17
1755,1756,156,94,2023-11-10 12:46:38,2,105.8
1756,1757,418,74,2024-03-31 01:39:43,1,59.2
1757,1758,200,46,2025-04-29 08:37:27,3,128.06
1758,1759,318,57,2024-07-03 23:21:19,1,120.26
1759,1760,233,92,2023-07-14 01:30:50,2,108.41
1760,1761,47,22,2023-12-11 16:53:58,3,80.78
1761,1762,133,6,2025-02-25 23:56:43,2,11.15
1762,1763,320,18,2025-04-26 22:34:24,2,110.09
1763,1764,179,79,2024-02-12 17:25:31,1,170.09
1764,1765,169,65,2024-08-24 01:21:20,2,68.19
1765,1766,327,85,2024-07-04 00:21:50,3,60.32
1766,1767,287,6,2024-06-10 02:03:03,2,10.21
1767,1768,32,98,2025-02-10 03:51:20,3,114.56
1768,1769,3,22,2023-07-12 15:10:39,2,75.32
1769,1770,200,17,2024-04-05 07:15:20,3,14.6
1770,1771,383,10,2025-02-25 06:10:43,2,76.58
1771,1772,41,32,2024-08-27 11:04:10,2,74.87
1772,1773,103,66,2024-11-14 03:50:02,1,89.11
1773,1774,434,15,2025-02-04 12:44:28,1,177.66
1774,1775,449,37,2023-07-23 10:33:55,2,56.31
1775,1776,172,73,2023-07-22 12:06:52,3,120.41
1776,1777,374,41,2023-08-11 14:41:03,3,149.38
1777,1778,246,67,2024-08-11 06:37:05,2,113.23
1778,1779,59,4,2024-05-09 05:54:33,3,81.89
1779,1780,33,42,2023-06-27 13:09:21,2,55.99
1780,1781,224,43,2024-05-01 04:04:42,3,79.4
1781,1782,327,41,2025-03-01 11:33:55,1,149.02
1782,1783,477,31,2024-12-23 04:11:50,1,117.6
1783,1784,495,33,2025-02-20 21:51:01,2,83.45
1784,1785,93,18,2024-06-29 20:13:59,3,120.71
1785,1786,473,91,2023-08-04 06:10:54,2,84.26
1786,1787,411,20,2024-12-07 01:03:22,1,21.27
1787,1788,468,36,2024-07-08 09:30:24,1,146.47
1788,1789,407,47,2024-06-09 06:36:12,3,66.76
1789,1790,483,82,2025-01-02 03:16:30,3,116.89
1790,1791,420,4,2024-12-20 18:42:33,2,92.63
1791,1792,415,73,2024-04-03 01:55:29,2,116.26
1792,1793,383,82,2023-07-20 23:29:07,2,142.14
1793,1794,63,32,2025-05-26 18:19:51,1,86.46
1794,1795,1,87,2024-01-27 08:59:43,3,149.28
1795,1796,12,68,2023-08-17 18:34:07,3,155.67
1796,1797,52,36,2024-01-18 15:09:49,1,142.18
1797,1798,158,40,2023-10-12 17:05:14,2,37.64
1798,1799,498,81,2024-01-13 00:55:03,3,41.74
1799,1800,299,38,2024-04-09 03:54:37,2,155.6
1800,1801,200,73,2024-08-06 14:00:00,3,108.22
1801,1802,264,40,2023-11-22 05:16:22,2,40.91
1802,1803,179,81,2023-09-15 13:59:02,1,48.02
1803,1804,426,99,2025-04-17 12:07:57,3,70.65
1804,1805,159,7,2023-07-03 21:41:43,1,158.69
1805,1806,465,86,2024-07-01 05:47:50,3,21.3
1806,1807,25,47,2025-05-15 01:24:25,3,64.96
1807,1808,254,35,2023-09-28 09:36:48,2,59.69
1808,1809,399,35,2023-11-08 12:37:13,2,51.19
1809,1810,108,10,2024-04-28 04:44:38,3,71.99
1810,1811,494,8,2024-02-03 05:05:11,2,125.22
1811,1812,312,83,2024-12-12 03:53:07,2,118.02
1812,1813,129,76,2024-08-25 09:03:06,3,181.21
1813,1814,484,10,2024-07-24 15:08:57,2,95.32
1814,1815,141,58,2025-02-06 09:18:27,2,124.09
1815,1816,364,32,2024-01-05 10:57:23,1,79.97
1816,1817,352,25,2025-03-16 01:19:31,3,61.94
1817,1818,372,1,2024-05-23 17:15:02,3,50.89
1818,1819,320,7,2024-03-20 00:28:56,2,161.79
1819,1820,358,59,2025-03-28 22:51:16,1,139.22
1820,1821,56,61,2023-09-07 23:05:46,2,76.57
1821,1822,210,91,2023-11-17 03:00:54,1,113.28
1822,1823,137,56,2023-12-17 03:04:21,2,151.23
1823,1824,317,56,2023-11-19 00:16:20,2,136.84
1824,1825,64,46,2024-02-24 14:08:34,3,128.74
1825,1826,33,81,2024-10-11 20:26:04,1,52.23
1826,1827,332,44,2024-09-26 03:30:08,2,101.57
1827,1828,104,60,2024-04-03 05:23:04,1,52.56
1828,1829,207,9,2023-08-03 04:21:34,1,116.91
1829,1830,289,47,2023-10-03 22:07:17,2,84.82
1830,1831,13,19,2024-10-28 06:16:31,2,89.84
1831,1832,404,49,2024-02-16 16:02:47,2,27.4
1832,1833,56,78,2024-05-11 17:53:26,1,48.92
1833,1834,448,16,2025-03-05 08:24:11,2,64.12
1834,1835,199,52,2025-04-05 20:47:09,3,64.56
1835,1836,22,94,2024-03-10 21:05:59,3,122.47
1836,1837,404,100,2024-08-23 17:17:38,1,58.69
1837,1838,337,94,2023-12-12 11:01:19,2,100.56
1838,1839,118,15,2024-12-17 07:44:48,1,140.46
1839,1840,107,97,2024-11-28 21:07:21,1,40.58
1840,1841,257,58,2024-05-16 02:09:11,3,115.28
1841,1842,126,49,2024-02-01 17:26:46,1,28.23
1842,1843,490,28,2024-12-29 17:23:11,2,75.37
1843,1844,117,27,2023-10-12 02:26:49,1,82.14
1844,1845,484,68,2023-06-09 23:59:26,3,133.59
1845,1846,269,63,2024-02-11 01:40:15,3,27.66
1846,1847,221,82,2025-04-20 17:28:47,1,161.36
1847,1848,280,91,2024-09-14 19:56:59,2,95.97
1848,1849,1,15,2024-09-23 10:06:45,3,131.99
1849,1850,307,12,2024-11-03 00:18:47,1,126.08
1850,1851,142,24,2024-06-06 17:43:14,2,105.28
1851,1852,206,65,2024-02-23 08:09:21,1,79.4
1852,1853,491,34,2024-07-08 02:50:29,3,117.77
1853,1854,173,3,2024-02-26 01:04:59,2,137.37
1854,1855,275,41,2025-05-14 00:34:52,2,160.7
1855,1856,365,68,2024-02-12 22:01:53,1,161.01
1856,1857,2,79,2024-04-10 17:00:17,2,172.45
1857,1858,365,62,2024-08-16 22:59:04,3,117.73
1858,1859,393,34,2023-11-01 13:40:37,1,118.9
1859,1860,10,16,2024-05-30 02:21:47,2,61.18
1860,1861,368,5,2023-11-12 11:26:15,3,72.1
1861,1862,37,68,2024-04-21 06:05:35,1,147.18
1862,1863,455,79,2024-12-27 06:36:57,3,187.48
1863,1864,261,59,2024-02-22 02:08:34,3,155.43
1864,1865,448,27,2023-07-30 19:14:18,1,78.13
1865,1866,457,97,2025-03-14 19:35:40,2,42.65
1866,1867,214,63,2023-11-25 19:26:26,2,24.7
1867,1868,111,67,2024-05-17 15:19:20,1,110.94
1868,1869,105,66,2024-02-05 16:05:28,1,85.1
1869,1870,228,18,2024-02-28 00:58:59,3,144.23
1870,1871,120,7,2024-09-08 08:13:45,3,154.86
1871,1872,11,10,2025-02-01 20:43:07,3,76.41
1872,1873,14,91,2025-05-27 02:25:25,2,81.15
1873,1874,316,29,2024-04-28 09:11:43,3,51.55
1874,1875,433,2,2023-08-31 13:15:17,3,86.35
1875,1876,334,52,2024-01-27 01:00:39,1,82.65
1876,1877,306,93,2024-06-18 20:50:35,2,44.49
1877,1878,426,94,2025-03-15 03:46:49,2,101.37
1878,1879,401,22,2024-10-04 08:57:31,2,85.02
1879,1880,201,98,2023-08-01 13:46:28,1,112.44
1880,1881,277,89,2024-01-20 00:06:41,1,97.55
1881,1882,263,95,2024-06-17 21:22:22,1,91.9
1882,1883,155,80,2023-10-22 06:05:09,3,107.59
1883,1884,440,65,2024-09-22 18:48:16,1,88.18
1884,1885,429,51,2024-06-13 16:32:26,1,78.25
1885,1886,248,49,2023-10-03 02:13:12,1,25.32
1886,1887,440,92,2023-08-22 10:37:48,3,96.59
1887,1888,365,66,2025-04-06 15:26:36,1,67.97
1888,1889,141,68,2024-02-24 11:58:32,3,160.2
1889,1890,175,89,2023-08-11 00:52:55,1,104.14
1890,1891,175,63,2023-06-24 09:37:51,1,27.68
1891,1892,215,54,2024-06-07 16:22:09,1,117.28
1892,1893,4,24,2023-07-17 17:55:33,1,103.3
1893,1894,328,83,2024-05-09 14:09:52,1,118.76
1894,1895,222,29,2023-07-26 23:15:31,1,44.98
1895,1896,318,85,2024-04-30 18:05:03,1,49.94
1896,1897,445,3,2025-01-03 01:06:08,3,166.11
1897,1898,303,95,2023-10-15 16:19:49,3,101.42
1898,1899,153,36,2023-11-03 06:13:44,2,132.08
1899,1900,75,73,2023-11-03 21:11:08,3,127.86
1900,1901,282,92,2025-04-02 04:22:51,1,99.45
1901,1902,373,92,2023-06-16 09:00:57,2,102.23
1902,1903,20,72,2025-04-06 15:00:21,1,35.85
1903,1904,429,85,2025-05-17 17:50:09,3,44.63
1904,1905,104,34,2024-07-23 04:08:59,1,111.55
1905,1906,61,85,2023-07-07 08:31:28,3,49.94
1906,1907,240,34,2023-09-04 06:34:34,2,141.28
1907,1908,96,11,2023-11-27 09:20:19,3,45.91
1908,1909,117,90,2025-04-01 06:09:29,2,140.39
1909,1910,397,36,2023-09-28 14:10:23,2,137.59
1910,1911,112,15,2023-07-11 22:12:02,1,178.87
1911,1912,386,41,2023-12-08 17:20:21,1,138.41
1912,1913,131,23,2024-05-31 07:37:19,3,17.8
1913,1914,82,73,2024-12-28 03:41:55,1,124.62
1914,1915,98,5,2024-03-03 01:33:20,2,70.53
1915,1916,139,81,2024-01-27 07:22:58,1,38.93
1916,1917,424,4,2023-12-21 21:06:24,1,104.76
1917,1918,385,51,2025-03-08 18:06:31,1,81.49
1918,1919,306,43,2025-02-20 05:20:25,2,88.0
1919,1920,258,19,2024-02-22 20:04:43,1,65.11
1920,1921,118,32,2023-11-02 06:21:05,3,86.82
1921,1922,436,95,2024-12-31 00:10:26,1,76.87
1922,1923,137,46,2025-03-12 18:38:14,3,117.6
1923,1924,87,58,2024-03-25 15:38:45,3,130.45
1924,1925,31,56,2024-04-14 02:01:24,2,133.02
1925,1926,319,34,2025-05-07 05:32:07,1,119.15
1926,1927,273,73,2025-02-28 12:48:42,1,114.46
1927,1928,441,70,2023-09-29 12:24:03,2,138.34
1928,1929,358,83,2024-03-31 13:05:59,3,131.51
1929,1930,11,3,2025-02-24 01:33:30,2,133.91
1930,1931,386,42,2024-06-15 04:30:38,1,61.8
1931,1932,6,26,2024-08-24 16:08:26,3,57.93
1932,1933,260,76,2023-09-11 10:23:25,1,142.5
1933,1934,367,71,2024-03-24 01:55:33,2,82.21
1934,1935,241,2,2023-09-17 22:19:40,1,113.09
1935,1936,394,16,2024-06-29 23:34:15,1,61.96
1936,1937,468,21,2023-08-27 17:08:35,2,9.95
1937,1938,62,75,2024-07-15 22:51:25,1,49.53
1938,1939,435,6,2025-02-08 08:40:52,3,10.8
1939,1940,104,33,2024-10-12 11:09:15,2,71.41
1940,1941,388,68,2024-07-06 20:50:23,3,181.6
1941,1942,18,46,2024-06-08 14:23:02,2,119.3
1942,1943,318,1,2023-07-09 13:05:19,3,43.68
1943,1944,168,55,2023-08-30 15:30:07,1,44.02
1944,1945,435,36,2025-01-31 14:19:03,3,122.97
1945,1946,59,92,2025-01-08 00:07:43,2,93.81
1946,1947,120,96,2024-02-18 06:35:52,3,112.47
1947,1948,386,92,2023-09-10 12:57:24,2,83.34
1948,1949,365,96,2023-07-11 06:56:41,1,98.92
1949,1950,339,13,2024-11-16 14:17:04,3,79.57
1950,1951,239,10,2024-09-08 04:27:33,3,93.16
1951,1952,358,36,2024-10-12 00:40:44,2,165.94
1952,1953,425,29,2023-07-11 10:30:01,3,39.18
1953,1954,106,85,2024-02-14 14:22:22,3,58.89
1954,1955,168,41,2024-11-20 06:06:06,1,154.64
1955,1956,464,12,2024-09-02 19:53:45,1,119.04
1956,1957,344,1,2024-12-31 03:17:17,3,47.51
1957,1958,432,27,2023-11-30 17:08:28,2,78.31
1958,1959,60,2,2023-12-31 04:29:25,2,100.35
1959,1960,354,38,2023-08-11 04:34:51,1,145.81
1960,1961,381,6,2024-05-15 13:38:35,1,11.27
1961,1962,256,76,2023-08-09 06:26:25,1,173.66
1962,1963,219,33,2024-02-02 17:52:12,1,67.65
1963,1964,339,63,2023-09-24 15:35:56,1,25.14
1964,1965,324,8,2025-03-31 18:59:05,1,128.46
1965,1966,241,11,2025-02-12 10:47:35,2,47.0
1966,1967,224,17,2025-01-16 03:29:58,1,13.39
1967,1968,181,40,2024-04-11 07:28:57,3,35.08
1968,1969,127,93,2023-06-15 03:49:24,3,58.71
1969,1970,177,28,2023-06-16 03:08:46,1,80.4
1970,1971,175,6,2024-03-12 00:17:40,1,12.48
1971,1972,495,32,2024-08-29 13:21:34,2,83.28
1972,1973,381,5,2023-07-20 06:52:58,3,87.8
1973,1974,359,87,2024-05-31 23:10:04,1,167.91
1974,1975,213,57,2025-02-01 01:11:22,1,101.07
1975,1976,488,89,2024-11-07 13:21:55,2,104.98
1976,1977,205,98,2024-09-18 22:01:38,1,113.35
1977,1978,221,92,2025-01-09 17:15:14,1,86.59
1978,1979,93,38,2025-04-12 12:03:57,2,160.27
1979,1980,149,11,2025-03-21 13:29:01,1,38.93
1980,1981,224,21,2023-07-28 03:57:00,2,9.27
1981,1982,229,65,2024-04-30 18:11:39,1,80.63
1982,1983,131,90,2023-11-25 07:59:57,2,148.44
1983,1984,478,41,2023-07-17 16:47:59,2,132.41
1984,1985,370,9,2023-06-11 02:52:47,1,120.25
1985,1986,170,57,2025-04-29 14:44:35,1,102.73
1986,1987,439,87,2024-11-16 13:08:43,3,165.68
1987,1988,68,74,2023-06-22 22:15:37,3,65.01
1988,1989,46,67,2025-03-20 02:33:48,2,93.94
1989,1990,374,62,2025-03-12 09:50:05,2,141.65
1990,1991,453,72,2025-02-15 21:40:48,3,37.65
1991,1992,221,17,2023-09-26 13:12:05,2,14.1
1992,1993,461,95,2024-07-18 03:28:33,3,100.48
1993,1994,104,40,2024-10-28 02:15:47,3,35.89
1994,1995,388,6,2024-08-06 04:46:05,2,11.15
1995,1996,55,48,2024-05-13 04:22:37,3,47.63
1996,1997,309,100,2025-05-30 06:43:09,1,51.31
1997,1998,113,68,2024-07-15 19:32:38,2,132.3
1998,1999,277,83,2024-11-25 02:17:42,3,124.83
1999,2000,496,81,2023-10-12 14:22:17,1,48.63
2000,2001,375,79,2024-12-07 14:21:11,2,157.38
2001,2002,303,43,2024-04-27 03:28:01,3,85.29
2002,2003,367,83,2023-07-05 14:03:51,2,144.23
2003,2004,130,32,2024-12-24 00:03:11,2,75.99
2004,2005,472,3,2025-04-30 22:15:28,3,160.15
2005,2006,298,83,2024-11-22 06:45:01,1,124.4
2006,2007,13,2,2024-05-11 12:53:09,3,106.98
2007,2008,285,98,2023-12-29 21:54:06,1,112.56
2008,2009,405,89,2025-04-03 09:21:46,3,113.63
2009,2010,120,45,2023-09-11 21:32:22,2,109.09
2010,2011,6,75,2023-11-21 09:40:16,1,46.64
2011,2012,279,86,2025-03-06 18:06:35,2,18.0
2012,2013,137,53,2023-09-02 21:54:14,3,38.29
2013,2014,64,10,2024-06-16 19:43:09,1,75.9
2014,2015,242,35,2024-10-22 06:53:02,3,49.29
2015,2016,56,83,2024-04-21 09:36:43,2,113.9
2016,2017,159,28,2024-11-12 02:26:48,1,98.29
2017,2018,238,21,2023-09-05 14:48:38,1,10.5
2018,2019,404,79,2024-10-15 05:44:52,2,143.68
2019,2020,367,3,2025-05-27 20:43:51,3,164.47
2020,2021,12,34,2023-10-04 10:28:42,3,113.41
2021,2022,365,44,2023-12-10 04:45:53,3,88.15
2022,2023,51,76,2024-01-14 17:38:35,1,170.63
2023,2024,155,9,2023-07-27 06:22:43,3,136.66
2024,2025,303,61,2025-05-25 03:54:08,2,74.86
2025,2026,387,76,2023-09-12 03:49:16,3,178.94
2026,2027,117,6,2023-08-30 04:37:28,2,13.16
2027,2028,248,27,2024-04-09 08:21:00,1,105.28
2028,2029,247,77,2025-04-26 05:04:32,2,62.75
2029,2030,348,2,2024-11-18 01:38:17,1,120.88
2030,2031,171,8,2023-12-24 16:50:24,3,122.23
2031,2032,71,48,2024-05-28 23:36:27,3,41.39
2032,2033,45,13,2023-06-20 01:19:46,3,80.75
2033,2034,49,5,2024-01-01 22:03:30,2,79.88
2034,2035,281,81,2024-04-29 08:29:26,1,44.49
2035,2036,221,84,2024-08-12 03:45:48,2,106.09
2036,2037,293,100,2024-03-19 13:00:02,3,59.2
2037,2038,221,49,2025-01-07 10:31:46,2,33.04
2038,2039,13,61,2023-10-31 20:42:27,2,65.98
2039,2040,37,97,2023-10-26 01:48:59,2,51.51
2040,2041,468,100,2024-01-04 15:46:05,2,49.68
2041,2042,359,38,2025-01-07 23:03:24,1,170.69
2042,2043,210,50,2024-11-13 04:42:40,3,26.64
2043,2044,29,30,2024-04-20 14:22:40,3,16.82
2044,2045,306,34,2024-07-22 06:37:38,1,122.93
2045,2046,268,39,2024-10-01 07:01:12,1,71.47
2046,2047,244,24,2024-05-23 20:47:59,1,117.69
2047,2048,284,33,2025-01-27 00:58:37,1,82.04
2048,2049,403,86,2025-05-26 16:36:25,2,21.09
2049,2050,230,82,2024-05-24 01:01:49,1,138.18
2050,2051,443,51,2024-03-01 03:13:06,3,59.84
2051,2052,325,48,2024-08-20 19:19:04,2,51.68
2052,2053,216,83,2025-03-23 18:37:00,2,135.4
2053,2054,421,46,2023-12-29 16:07:40,1,129.36
2054,2055,254,67,2023-10-13 09:06:18,3,121.0
2055,2056,321,15,2024-12-19 14:27:33,2,160.08
2056,2057,188,68,2023-06-10 00:44:10,2,138.47
2057,2058,143,42,2024-09-17 14:37:02,2,57.32
2058,2059,255,29,2024-03-17 14:05:12,2,48.53
2059,2060,399,11,2025-05-17 16:10:53,1,47.25
2060,2061,354,41,2025-03-07 11:07:56,2,179.01
2061,2062,125,74,2024-04-11 12:08:46,2,64.46
2062,2063,71,81,2024-02-26 09:47:46,1,51.04
2063,2064,214,29,2024-04-02 09:32:25,1,44.6
2064,2065,367,36,2025-01-05 01:36:43,2,125.15
2065,2066,43,28,2025-04-13 05:01:22,3,75.71
2066,2067,217,1,2024-02-16 23:51:38,1,40.64
2067,2068,188,87,2023-07-24 10:04:38,3,146.06
2068,2069,251,91,2024-11-07 22:11:30,2,89.11
2069,2070,310,73,2025-03-04 05:07:29,3,103.23
2070,2071,329,20,2023-06-08 08:25:38,1,26.13
2071,2072,219,26,2024-03-22 18:20:18,1,60.4
2072,2073,436,50,2024-09-29 05:48:51,1,29.24
2073,2074,3,74,2024-09-11 13:43:25,2,53.21
2074,2075,384,9,2024-05-28 17:41:45,1,110.48
2075,2076,256,88,2024-03-26 14:30:50,2,72.45
2076,2077,343,29,2025-02-04 23:11:16,1,42.1
2077,2078,8,100,2024-07-18 03:24:06,1,52.37
2078,2079,240,49,2024-02-23 00:33:19,3,24.97
2079,2080,446,45,2024-02-04 23:56:54,1,85.06
2080,2081,405,87,2024-06-24 22:00:12,2,142.06
2081,2082,317,44,2024-09-18 02:06:56,2,88.95
2082,2083,114,86,2024-03-10 13:44:17,2,22.37
2083,2084,3,78,2023-11-16 05:22:14,1,55.38
2084,2085,298,45,2025-02-01 16:39:31,3,102.2
2085,2086,293,100,2023-12-17 12:59:41,1,59.69
2086,2087,284,17,2023-11-26 01:34:13,2,14.46
2087,2088,352,49,2025-04-24 18:34:59,2,29.54
2088,2089,396,40,2024-01-01 05:14:11,3,38.87
2089,2090,118,77,2024-04-14 09:59:38,3,55.15
2090,2091,446,78,2024-01-05 08:25:58,2,49.33
2091,2092,154,75,2025-05-26 08:34:18,3,49.77
2092,2093,483,6,2025-02-09 22:50:07,2,11.19
2093,2094,159,5,2025-04-15 10:19:00,2,73.37
2094,2095,130,93,2024-05-25 01:09:25,1,55.84
2095,2096,173,73,2024-06-19 07:39:34,1,97.69
2096,2097,153,97,2024-02-05 04:15:25,3,48.35
2097,2098,294,52,2023-09-12 06:05:10,3,84.48
2098,2099,18,48,2024-10-02 09:47:29,1,41.24
2099,2100,30,58,2023-09-26 00:04:37,3,133.84
2100,2101,40,47,2025-03-10 16:02:11,1,75.94
2101,2102,100,6,2024-09-05 23:49:09,2,11.96
2102,2103,327,88,2023-08-20 10:55:49,2,84.18
2103,2104,244,5,2024-05-30 03:11:01,3,83.81
2104,2105,45,84,2023-08-11 01:46:21,1,81.51
2105,2106,255,91,2024-07-02 10:20:33,3,95.05
2106,2107,150,95,2025-01-30 22:48:07,2,99.62
2107,2108,95,22,2024-11-04 11:15:03,1,81.86
2108,2109,393,77,2024-10-26 13:29:28,3,62.92
2109,2110,173,88,2024-11-26 01:44:53,2,69.02
2110,2111,402,50,2024-01-08 16:06:59,3,30.13
2111,2112,240,32,2024-08-05 08:24:30,2,71.94
2112,2113,395,18,2023-06-12 02:29:13,1,128.25
2113,2114,130,100,2023-09-27 07:57:43,3,48.61
2114,2115,478,33,2023-12-18 03:08:07,2,87.3
2115,2116,371,70,2024-10-08 06:00:03,1,131.52
2116,2117,338,62,2024-04-03 20:38:10,1,140.21
2117,2118,329,1,2024-09-20 13:54:50,1,40.79
2118,2119,163,22,2025-05-03 06:52:13,2,86.74
2119,2120,236,56,2025-06-01 02:07:50,1,123.89
2120,2121,395,1,2024-07-28 06:47:43,1,47.59
2121,2122,222,27,2023-09-04 15:49:19,1,105.13
2122,2123,437,35,2025-01-23 07:17:56,3,55.34
2123,2124,427,45,2024-01-13 17:57:40,1,82.91
2124,2125,274,82,2024-05-28 11:20:27,2,131.78
2125,2126,223,68,2025-05-21 12:44:55,1,133.58
2126,2127,492,36,2024-07-08 03:01:27,3,160.92
2127,2128,186,100,2024-05-08 20:44:49,1,58.5
2128,2129,377,40,2023-08-03 10:01:54,1,31.66
2129,2130,242,17,2023-07-21 11:57:54,3,16.28
2130,2131,290,81,2025-01-17 18:26:32,2,51.57
2131,2132,330,34,2023-08-14 19:27:59,3,114.34
2132,2133,247,76,2025-05-21 13:02:10,1,130.06
2133,2134,29,32,2025-01-01 05:18:26,1,67.14
2134,2135,285,32,2023-11-15 09:24:03,2,85.37
2135,2136,379,51,2024-03-25 07:24:23,2,77.22
2136,2137,378,69,2024-06-24 21:48:18,3,141.15
2137,2138,291,6,2025-04-19 18:32:22,1,12.92
2138,2139,341,36,2024-12-16 05:35:07,3,124.2
2139,2140,35,78,2024-08-22 22:34:35,3,60.56
2140,2141,93,91,2023-12-31 14:52:21,1,104.45
2141,2142,452,82,2024-03-12 14:22:11,3,147.05
2142,2143,339,92,2024-06-02 14:07:59,2,103.72
2143,2144,468,77,2025-05-17 22:29:03,1,52.14
2144,2145,396,81,2024-11-16 11:49:17,2,51.96
2145,2146,118,1,2025-04-02 00:30:56,2,40.86
2146,2147,133,5,2025-04-01 10:02:23,2,72.11
2147,2148,312,40,2024-05-18 15:05:01,1,33.9
2148,2149,87,44,2025-05-25 03:40:18,2,87.27
2149,2150,283,96,2024-02-24 01:44:54,3,98.37
2150,2151,282,6,2024-10-07 11:31:29,2,12.27
2151,2152,18,18,2023-09-06 18:36:14,1,122.14
2152,2153,196,49,2024-03-14 01:41:33,2,28.35
2153,2154,5,24,2024-04-04 11:31:27,1,115.74
2154,2155,191,30,2024-01-22 06:51:39,1,19.26
2155,2156,450,46,2023-10-23 02:57:57,1,104.78
2156,2157,11,38,2023-10-06 12:44:21,2,162.27
2157,2158,109,23,2024-01-16 10:31:14,2,22.96
2158,2159,50,45,2024-10-10 13:23:32,2,106.82
2159,2160,80,77,2025-01-21 23:09:58,1,69.85
2160,2161,431,71,2024-05-07 08:27:13,2,69.77
2161,2162,151,17,2025-02-11 07:52:43,1,14.98
2162,2163,423,47,2024-09-07 23:30:40,1,69.8
2163,2164,350,36,2024-10-27 11:59:52,1,155.83
2164,2165,130,18,2023-09-29 23:20:05,1,113.93
2165,2166,451,14,2025-01-18 23:56:20,2,41.08
2166,2167,202,66,2023-07-24 23:12:00,3,80.51
2167,2168,351,33,2024-06-19 21:07:12,2,89.6
2168,2169,12,98,2024-06-14 06:50:38,2,105.94
2169,2170,278,57,2023-11-11 18:31:23,3,126.63
2170,2171,191,92,2024-12-26 18:44:11,2,96.68
2171,2172,338,93,2024-02-12 20:38:47,1,50.41
2172,2173,32,18,2024-11-09 03:19:34,2,116.0
2173,2174,466,66,2024-06-22 11:04:13,3,79.84
2174,2175,112,72,2023-11-01 15:09:18,3,37.61
2175,2176,103,15,2024-07-21 02:01:14,1,163.15
2176,2177,155,14,2024-04-15 04:30:34,1,35.96
2177,2178,419,90,2024-01-26 16:25:25,3,120.02
2178,2179,292,20,2024-06-29 09:17:33,2,26.64
2179,2180,65,33,2024-10-19 23:56:18,3,70.46
2180,2181,401,49,2023-09-19 19:21:09,2,29.11
2181,2182,160,66,2023-12-19 06:41:51,1,85.4
2182,2183,229,10,2024-11-30 19:20:51,3,91.33
2183,2184,289,28,2024-03-27 17:00:23,3,83.48
2184,2185,106,27,2023-08-20 15:38:05,3,84.25
2185,2186,388,88,2024-12-23 20:38:18,1,66.78
2186,2187,412,82,2025-05-21 12:39:21,3,149.4
2187,2188,40,25,2024-08-02 11:21:07,2,61.47
2188,2189,169,92,2024-08-21 01:53:34,1,98.97
2189,2190,238,89,2024-10-10 23:16:57,2,99.02
2190,2191,265,19,2023-08-09 14:40:27,3,63.87
2191,2192,107,1,2024-06-13 22:53:38,3,50.47
2192,2193,165,33,2024-03-28 23:29:14,2,67.8
2193,2194,434,94,2024-07-29 08:27:59,1,103.17
2194,2195,142,73,2024-06-02 20:08:26,1,97.09
2195,2196,451,33,2024-03-17 16:00:53,1,84.78
2196,2197,321,99,2024-06-26 12:59:41,3,58.9
2197,2198,230,70,2024-09-13 23:33:16,3,113.87
2198,2199,77,57,2024-06-02 17:49:19,1,109.96
2199,2200,478,83,2024-12-08 12:15:32,3,161.09
2200,2201,30,46,2024-06-30 20:54:25,1,109.79
2201,2202,448,19,2023-12-29 21:28:27,3,64.37
2202,2203,440,16,2024-11-01 12:32:15,2,63.32
2203,2204,9,80,2024-12-30 17:13:38,1,125.36
2204,2205,484,72,2025-01-19 00:38:34,1,36.01
2205,2206,19,95,2024-02-24 18:26:19,3,79.57
2206,2207,87,4,2024-11-19 20:56:16,2,80.87
2207,2208,444,34,2025-02-09 08:09:16,2,110.19
2208,2209,41,70,2023-06-22 01:37:05,3,155.31
2209,2210,458,84,2023-10-30 18:47:30,3,85.64
2210,2211,92,15,2023-06-16 08:08:37,2,130.75
2211,2212,171,9,2024-11-06 04:52:44,3,124.35
2212,2213,162,11,2024-05-21 04:30:47,3,49.5
2213,2214,32,51,2024-04-02 07:37:57,1,75.79
2214,2215,364,56,2025-02-02 22:18:57,2,140.75
2215,2216,118,92,2024-05-14 02:38:43,3,105.79
2216,2217,437,60,2024-09-27 17:05:38,2,38.87
2217,2218,304,39,2024-03-27 09:03:46,2,77.11
2218,2219,69,13,2024-10-10 12:07:37,1,71.1
2219,2220,351,56,2025-05-22 14:21:27,1,129.44
2220,2221,206,41,2025-06-01 17:30:55,3,171.82
2221,2222,327,97,2024-10-06 17:25:19,1,43.16
2222,2223,210,1,2024-07-18 07:09:34,1,39.0
2223,2224,339,18,2023-11-04 12:33:21,1,131.68
2224,2225,269,13,2025-01-21 08:19:33,3,68.6
2225,2226,376,26,2025-01-24 02:56:11,1,59.11
2226,2227,494,1,2023-12-04 09:17:11,2,45.01
2227,2228,109,27,2024-11-20 22:35:02,3,110.18
2228,2229,401,82,2025-02-07 17:23:24,2,153.48
2229,2230,367,96,2024-07-05 15:27:46,1,115.54
2230,2231,89,50,2024-09-20 04:17:12,3,26.28
2231,2232,287,13,2025-06-03 23:51:09,2,77.01
2232,2233,107,54,2024-03-26 15:45:21,1,98.76
2233,2234,409,61,2023-11-13 09:25:39,2,75.77
2234,2235,451,19,2023-12-03 14:15:19,1,91.1
2235,2236,290,28,2024-04-28 05:06:09,3,74.88
2236,2237,245,3,2024-11-19 20:31:04,3,147.87
2237,2238,40,73,2023-12-21 21:57:50,3,109.7
2238,2239,298,41,2023-11-23 04:27:39,2,176.64
2239,2240,225,27,2024-02-02 13:33:05,3,105.61
2240,2241,256,49,2023-08-10 10:00:21,2,25.86
2241,2242,128,55,2024-03-03 14:31:03,3,50.21
2242,2243,419,96,2024-11-09 06:33:05,1,104.12
2243,2244,218,80,2024-07-17 16:42:34,2,103.22
2244,2245,449,60,2024-09-04 22:15:18,1,52.99
2245,2246,21,77,2023-12-18 16:08:44,1,64.89
2246,2247,353,88,2023-08-18 18:41:53,1,78.45
2247,2248,390,49,2023-07-10 05:35:13,2,29.02
2248,2249,423,81,2024-05-22 08:15:05,2,45.8
2249,2250,348,90,2024-05-14 15:52:59,3,140.92
2250,2251,375,17,2025-02-26 14:34:07,1,14.14
2251,2252,184,72,2024-01-18 13:13:26,2,42.58
2252,2253,410,63,2024-11-28 12:45:25,2,23.34
2253,2254,470,62,2024-01-04 21:44:29,3,146.96
2254,2255,457,40,2025-03-23 05:42:45,3,43.74
2255,2256,147,27,2025-02-25 18:31:41,1,82.87
2256,2257,456,33,2024-07-03 04:08:42,1,93.58
2257,2258,459,62,2025-04-28 05:56:12,1,135.58
2258,2259,402,99,2023-10-29 20:23:57,3,66.34
2259,2260,478,80,2024-03-11 15:38:10,3,116.85
2260,2261,444,66,2023-08-11 05:21:09,2,89.24
2261,2262,396,2,2024-08-08 19:50:46,1,115.03
2262,2263,290,35,2023-07-23 03:44:55,3,52.77
2263,2264,425,65,2024-09-08 05:11:12,1,74.63
2264,2265,246,6,2024-04-07 20:05:14,3,13.14
2265,2266,490,5,2023-11-22 07:15:52,1,75.32
2266,2267,289,58,2024-09-19 07:08:50,1,151.29
2267,2268,347,51,2024-08-16 09:51:43,1,73.5
2268,2269,476,54,2024-05-07 00:49:44,1,105.77
2269,2270,70,58,2025-01-07 07:36:53,1,150.91
2270,2271,264,82,2024-12-20 01:32:15,1,122.25
2271,2272,273,4,2025-02-22 05:05:08,1,90.75
2272,2273,453,94,2023-06-28 13:53:35,2,122.67
2273,2274,355,49,2024-04-05 01:48:54,2,28.13
2274,2275,137,60,2023-07-13 17:51:36,1,46.79
2275,2276,466,55,2024-10-02 00:08:01,2,50.89
2276,2277,480,45,2023-10-24 16:49:28,1,103.95
2277,2278,146,80,2023-09-12 14:22:10,1,104.47
2278,2279,322,87,2023-10-11 07:09:10,3,162.15
2279,2280,225,26,2025-05-28 13:32:30,1,69.94
2280,2281,306,35,2023-08-20 17:48:36,3,67.86
2281,2282,20,65,2024-09-12 22:30:55,1,66.85
2282,2283,180,53,2024-11-22 13:01:24,1,43.83
2283,2284,33,100,2024-07-17 18:42:28,1,42.8
2284,2285,149,46,2024-07-06 08:55:45,1,101.59
2285,2286,131,74,2024-08-16 16:55:51,2,60.27
2286,2287,317,22,2024-10-06 21:25:48,3,92.78
2287,2288,432,83,2023-11-12 07:23:10,2,146.4
2288,2289,315,75,2023-08-15 08:03:56,1,41.62
2289,2290,187,49,2024-02-10 18:19:27,3,26.03
2290,2291,2,49,2024-10-24 00:36:05,1,26.19
2291,2292,206,8,2023-10-30 15:30:17,2,112.82
2292,2293,320,20,2024-02-19 06:14:29,3,25.29
2293,2294,231,25,2024-11-16 23:24:59,1,54.43
2294,2295,432,92,2023-08-19 12:51:53,1,86.6
2295,2296,142,22,2024-03-31 21:39:51,1,72.51
2296,2297,117,83,2024-11-05 07:52:51,3,127.21
2297,2298,437,65,2023-12-19 04:23:42,3,84.59
2298,2299,185,41,2024-11-04 23:22:41,1,146.0
2299,2300,183,77,2024-09-27 05:02:33,1,63.91
2300,2301,347,5,2023-08-02 19:03:43,1,82.43
2301,2302,168,95,2024-05-11 03:44:36,2,97.9
2302,2303,473,90,2025-02-11 23:38:41,2,144.27
2303,2304,438,98,2024-08-09 21:06:01,1,140.29
2304,2305,30,35,2024-12-29 08:37:44,2,65.25
2305,2306,84,36,2023-06-17 05:58:25,1,128.31
2306,2307,315,92,2024-08-27 04:36:23,3,109.75
2307,2308,438,7,2024-10-05 16:06:04,3,164.18
2308,2309,159,45,2024-12-30 16:35:36,1,102.13
2309,2310,152,88,2024-04-13 19:53:42,2,84.42
2310,2311,153,27,2024-11-04 20:54:47,3,79.38
2311,2312,12,95,2023-09-07 13:42:44,1,84.58
2312,2313,369,76,2024-11-11 18:41:49,2,128.35
2313,2314,421,93,2023-11-19 08:48:14,3,55.07
2314,2315,494,31,2024-09-01 11:00:29,1,114.74
2315,2316,64,21,2024-11-07 22:00:32,3,9.04
2316,2317,373,100,2025-01-14 07:44:33,2,44.67
2317,2318,80,55,2024-02-28 04:23:38,1,42.15
2318,2319,135,54,2025-03-23 14:56:06,3,100.76
2319,2320,340,36,2023-10-04 11:45:58,2,128.8
2320,2321,72,9,2025-05-15 03:17:17,2,121.87
2321,2322,401,79,2024-09-02 22:00:51,2,186.32
2322,2323,216,7,2024-11-03 22:44:39,1,149.61
2323,2324,182,55,2025-04-15 09:44:39,1,43.15
2324,2325,426,11,2024-06-03 22:23:21,3,48.92
2325,2326,46,12,2024-03-29 20:01:23,1,99.02
2326,2327,109,84,2025-01-17 01:05:28,3,76.69
2327,2328,354,99,2024-09-18 03:38:16,3,65.56
2328,2329,24,14,2025-01-04 21:01:55,1,38.15
2329,2330,448,98,2023-08-23 06:57:22,1,116.78
2330,2331,264,91,2023-07-27 03:50:58,3,97.93
2331,2332,334,53,2024-01-28 19:56:10,1,34.11
2332,2333,376,32,2025-02-11 22:42:25,1,68.03
2333,2334,380,28,2023-11-13 06:09:46,3,79.11
2334,2335,322,78,2024-11-24 10:07:47,3,51.18
2335,2336,417,80,2024-07-12 20:56:41,1,93.16
2336,2337,166,74,2023-09-12 20:06:07,3,52.29
2337,2338,330,86,2024-12-09 05:33:32,3,18.0
2338,2339,419,44,2023-11-08 10:09:36,2,83.03
2339,2340,500,50,2024-06-18 23:31:10,1,29.57
2340,2341,409,7,2024-12-19 20:28:02,2,146.74
2341,2342,71,70,2024-10-17 02:58:18,1,127.36
2342,2343,280,33,2024-08-01 01:18:42,3,78.92
2343,2344,421,36,2023-09-26 14:46:47,2,142.69
2344,2345,275,34,2025-04-24 06:37:18,1,101.68
2345,2346,426,32,2025-05-06 01:24:44,3,82.29
2346,2347,489,4,2023-09-28 01:40:30,2,87.4
2347,2348,109,75,2024-05-14 04:56:38,2,42.22
2348,2349,424,90,2025-02-11 21:17:44,3,118.37
2349,2350,447,87,2024-01-15 02:18:10,2,180.15
2350,2351,213,59,2023-09-16 10:30:00,1,125.95
2351,2352,44,82,2023-07-13 16:05:54,3,154.42
2352,2353,161,13,2024-05-30 14:38:48,3,72.39
2353,2354,211,33,2024-09-19 03:25:57,1,71.85
2354,2355,74,88,2024-11-01 12:02:11,1,72.35
2355,2356,210,53,2024-08-18 12:47:03,1,43.19
2356,2357,279,36,2023-06-11 03:44:10,2,145.48
2357,2358,401,32,2024-07-01 20:18:13,2,80.59
2358,2359,97,31,2024-03-29 10:32:12,1,122.31
2359,2360,331,39,2024-03-21 23:03:06,2,70.92
2360,2361,221,83,2024-12-30 09:53:23,3,134.98
2361,2362,350,66,2023-08-10 16:27:12,2,81.89
2362,2363,158,76,2023-11-27 05:06:14,2,165.0
2363,2364,194,3,2024-06-06 15:33:11,3,146.23
2364,2365,155,35,2024-08-05 02:19:45,1,65.76
2365,2366,29,2,2023-09-21 00:30:18,1,105.78
2366,2367,425,63,2025-04-22 23:21:51,1,26.79
2367,2368,144,46,2024-11-26 22:35:20,2,122.79
2368,2369,196,17,2025-05-21 19:53:24,3,14.83
2369,2370,226,8,2025-01-23 10:08:56,2,147.23
2370,2371,93,73,2025-05-15 02:48:37,1,130.76
2371,2372,172,42,2025-01-23 09:39:33,3,52.8
2372,2373,477,11,2023-11-06 10:57:37,2,38.61
2373,2374,141,78,2024-07-29 12:23:31,1,60.6
2374,2375,209,7,2025-02-18 06:16:56,2,121.86
2375,2376,282,42,2024-06-29 06:38:35,1,65.83
2376,2377,329,83,2025-01-01 07:30:59,3,123.97
2377,2378,70,72,2024-07-28 19:12:45,1,40.62
2378,2379,311,52,2024-08-17 04:24:14,1,84.95
2379,2380,193,42,2023-10-15 22:42:22,3,52.8
2380,2381,403,10,2023-08-01 13:55:08,2,69.38
2381,2382,155,98,2023-09-04 05:30:30,2,138.84
2382,2383,140,38,2025-03-09 20:43:44,3,145.96
2383,2384,398,85,2024-10-07 08:18:44,1,60.57
2384,2385,287,61,2024-12-17 14:39:07,3,60.75
2385,2386,377,19,2024-02-17 05:06:49,2,89.86
2386,2387,237,87,2023-09-09 14:48:57,1,137.59
2387,2388,489,70,2024-09-03 16:51:42,1,120.51
2388,2389,137,77,2025-03-31 05:20:20,2,52.82
2389,2390,38,64,2024-06-17 15:36:48,3,38.4
2390,2391,454,42,2024-12-25 13:06:45,2,53.39
2391,2392,285,4,2024-03-24 07:04:55,3,107.1
2392,2393,61,78,2024-09-04 04:05:55,2,48.65
2393,2394,206,55,2023-10-03 11:00:54,3,41.41
2394,2395,177,9,2024-04-20 05:19:07,1,146.07
2395,2396,345,96,2023-10-12 17:52:02,2,135.23
2396,2397,426,91,2025-05-26 20:33:01,1,84.51
2397,2398,314,79,2023-11-16 23:59:05,3,183.7
2398,2399,190,7,2024-01-10 18:58:52,3,153.49
2399,2400,365,89,2024-05-13 15:46:11,2,125.44
2400,2401,34,18,2023-07-16 12:10:13,1,116.64
2401,2402,453,37,2025-03-22 06:32:27,1,63.56
2402,2403,28,65,2024-06-18 01:34:24,3,77.06
2403,2404,242,3,2023-11-10 04:01:39,2,156.88
2404,2405,118,49,2024-01-04 17:57:04,1,33.74
2405,2406,403,93,2024-08-06 01:59:15,3,52.2
2406,2407,198,47,2025-02-06 10:09:03,3,73.91
2407,2408,260,63,2025-03-30 12:43:58,2,29.16
2408,2409,165,65,2024-05-09 06:08:04,3,86.23
2409,2410,88,4,2025-02-03 02:18:54,1,81.16
2410,2411,477,29,2025-04-17 07:50:20,1,50.06
2411,2412,262,53,2024-03-13 02:44:52,1,41.06
2412,2413,327,17,2025-04-20 06:10:56,1,14.73
2413,2414,10,76,2023-11-29 18:40:51,3,147.94
2414,2415,128,13,2024-04-14 15:24:46,1,89.32
2415,2416,54,98,2025-03-15 17:21:06,1,101.12
2416,2417,1,63,2025-05-19 22:47:55,1,25.65
2417,2418,121,70,2025-03-04 07:53:06,3,146.14
2418,2419,490,61,2024-07-24 08:01:01,2,80.91
2419,2420,252,33,2025-04-28 02:09:40,2,70.71
2420,2421,100,37,2024-05-13 13:31:16,2,64.45
2421,2422,105,30,2024-11-02 00:43:36,2,20.23
2422,2423,213,19,2024-02-03 05:53:26,2,68.24
2423,2424,393,69,2025-04-25 14:50:11,3,131.26
2424,2425,433,87,2024-07-19 14:00:46,1,194.25
2425,2426,136,37,2024-01-27 07:12:00,3,63.0
2426,2427,127,22,2023-09-04 06:02:08,1,81.88
2427,2428,459,18,2025-02-20 19:28:18,2,110.24
2428,2429,214,95,2023-09-21 16:25:35,2,79.67
2429,2430,358,56,2025-04-07 06:09:27,3,128.36
2430,2431,312,44,2024-10-30 08:24:17,3,100.7
2431,2432,451,2,2024-11-13 10:49:39,3,121.8
2432,2433,220,53,2023-08-21 04:01:30,1,46.08
2433,2434,400,24,2024-12-03 03:15:17,2,119.13
2434,2435,443,75,2023-09-21 02:35:48,3,43.76
2435,2436,127,76,2024-09-21 14:59:30,2,159.78
2436,2437,306,4,2025-03-29 20:51:09,3,87.42
2437,2438,445,69,2024-02-01 12:36:31,1,141.49
2438,2439,97,84,2023-09-03 04:49:42,1,104.78
2439,2440,450,28,2024-03-15 12:06:05,3,76.52
2440,2441,380,62,2024-01-06 17:35:09,2,118.41
2441,2442,357,52,2023-07-18 03:41:20,2,62.59
2442,2443,227,24,2025-01-31 15:07:35,3,93.35
2443,2444,301,97,2024-04-07 17:45:32,3,48.95
2444,2445,286,8,2024-11-15 14:32:43,2,133.49
2445,2446,188,34,2023-10-25 08:12:00,3,102.38
2446,2447,60,74,2025-05-07 13:57:09,1,61.01
2447,2448,380,71,2024-06-17 16:44:35,2,62.24
2448,2449,163,17,2025-01-23 03:49:46,1,13.31
2449,2450,348,91,2024-10-05 03:24:10,3,110.86
2450,2451,88,42,2023-11-27 16:43:20,2,48.4
2451,2452,235,9,2025-03-31 09:11:56,2,147.87
2452,2453,85,55,2024-04-15 07:42:07,3,38.76
2453,2454,481,18,2024-04-23 15:09:54,3,113.68
2454,2455,373,22,2024-12-15 16:57:04,3,89.16
2455,2456,250,100,2025-01-20 03:13:12,1,59.05
2456,2457,185,12,2025-03-04 06:57:25,2,116.45
2457,2458,12,7,2024-05-09 22:07:32,2,142.63
2458,2459,306,74,2023-12-18 02:03:30,1,49.23
2459,2460,325,31,2024-02-20 07:23:08,2,115.87
2460,2461,406,21,2023-11-23 22:02:35,2,12.14
2461,2462,358,18,2024-08-10 14:06:33,2,123.54
2462,2463,492,83,2024-03-01 15:05:50,2,144.27
2463,2464,104,58,2023-12-17 18:45:52,1,134.68
2464,2465,302,72,2024-12-31 07:03:12,1,33.58
2465,2466,393,80,2024-03-15 05:29:52,2,115.0
2466,2467,368,60,2024-05-21 18:44:45,1,48.08
2467,2468,436,48,2024-07-20 09:37:18,1,50.66
2468,2469,131,83,2025-06-01 09:33:53,3,152.31
2469,2470,163,29,2025-02-18 09:43:27,2,41.85
2470,2471,446,58,2024-06-18 12:25:30,2,153.2
2471,2472,477,92,2023-10-09 02:36:28,3,94.83
2472,2473,90,34,2024-08-01 12:57:54,2,120.11
2473,2474,91,81,2024-12-29 12:53:53,2,40.07
2474,2475,246,36,2023-09-25 19:57:21,1,162.95
2475,2476,336,96,2025-05-06 07:53:55,3,125.42
2476,2477,253,4,2024-10-19 06:05:15,2,78.05
2477,2478,373,46,2025-02-12 10:57:25,1,127.51
2478,2479,277,74,2024-09-28 14:03:24,1,49.76
2479,2480,78,81,2025-04-27 08:14:01,2,44.75
2480,2481,53,81,2023-06-25 18:42:29,3,52.63
2481,2482,280,23,2025-01-23 11:11:59,1,18.26
2482,2483,158,66,2024-08-29 18:58:24,2,83.24
2483,2484,57,95,2023-09-11 07:37:47,3,102.45
2484,2485,4,35,2024-05-10 16:16:44,3,54.24
2485,2486,221,49,2024-10-20 10:15:27,1,30.95
2486,2487,382,42,2024-08-29 15:07:47,3,51.64
2487,2488,460,24,2024-11-25 18:27:16,3,105.77
2488,2489,341,98,2024-02-13 19:06:26,1,99.41
2489,2490,344,88,2024-09-24 01:24:40,2,75.22
2490,2491,66,54,2025-03-09 14:01:36,2,122.05
2491,2492,297,24,2024-01-13 09:43:55,3,116.41
2492,2493,274,26,2024-11-09 11:58:45,3,64.53
2493,2494,293,55,2024-10-11 12:21:56,1,43.74
2494,2495,273,94,2025-01-29 19:34:00,1,122.09
2495,2496,49,67,2025-02-13 14:56:55,1,117.07
2496,2497,219,88,2024-02-18 17:25:01,1,65.14
2497,2498,330,6,2024-07-26 15:39:34,1,9.58
2498,2499,198,31,2025-03-31 22:51:43,2,124.6
2499,2500,484,69,2025-02-14 23:43:20,3,123.51
2500,2501,254,1,2023-12-01 21:51:07,2,54.28
2501,2502,439,24,2023-08-02 12:28:29,1,92.07
2502,2503,221,81,2025-03-31 15:23:39,3,48.66
2503,2504,10,77,2024-08-24 20:42:05,2,69.89
2504,2505,249,90,2024-09-07 11:48:37,1,159.21
2505,2506,161,48,2024-09-24 06:05:32,1,41.74
2506,2507,77,98,2024-12-15 11:46:12,1,135.95
2507,2508,107,70,2024-07-15 03:17:07,3,133.95
2508,2509,393,65,2024-01-18 06:32:16,2,64.02
2509,2510,452,63,2023-12-24 08:55:43,2,25.52
2510,2511,279,9,2025-02-15 11:21:04,1,133.32
2511,2512,487,29,2023-12-12 04:44:07,2,53.67
2512,2513,415,91,2024-11-20 18:36:06,1,106.35
2513,2514,440,6,2025-01-09 06:14:32,2,11.31
2514,2515,369,46,2023-11-25 04:23:52,2,131.02
2515,2516,214,54,2024-06-11 18:30:50,2,113.7
2516,2517,354,84,2024-12-31 22:25:34,3,95.16
2517,2518,56,43,2023-08-18 10:45:29,2,88.27
2518,2519,358,15,2024-04-11 14:25:04,3,178.97
2519,2520,439,93,2024-06-06 04:54:57,2,53.54
2520,2521,216,77,2024-10-28 15:48:48,1,51.14
2521,2522,308,9,2023-07-17 15:45:18,3,142.03
2522,2523,398,30,2023-12-24 09:25:55,3,19.79
2523,2524,400,22,2024-03-26 20:39:55,1,94.06
2524,2525,15,10,2023-12-18 21:10:59,1,75.28
2525,2526,211,52,2023-06-08 19:45:48,3,81.5
2526,2527,72,44,2024-06-18 05:24:32,2,102.54
2527,2528,189,41,2024-11-23 02:22:24,2,131.11
2528,2529,163,47,2025-05-10 11:03:57,1,65.81
2529,2530,314,82,2023-08-27 21:24:06,3,159.89
2530,2531,139,85,2024-02-03 04:33:35,2,52.87
2531,2532,207,40,2024-08-06 08:34:43,3,41.37
2532,2533,428,76,2023-06-19 08:41:37,1,166.22
2533,2534,38,84,2025-01-13 08:53:10,3,81.53
2534,2535,404,42,2024-11-04 08:37:39,3,52.62
2535,2536,28,29,2023-12-08 00:57:09,1,51.22
2536,2537,46,39,2023-10-17 19:41:15,1,66.88
2537,2538,257,28,2024-01-22 19:52:28,3,86.42
2538,2539,174,11,2024-07-18 04:38:28,2,45.47
2539,2540,260,40,2025-04-19 04:07:40,2,40.5
2540,2541,112,28,2024-12-08 19:33:36,3,81.01
2541,2542,109,100,2023-11-05 00:55:08,3,43.73
2542,2543,37,93,2024-08-20 19:45:43,1,56.86
2543,2544,148,28,2024-10-05 01:21:33,2,102.78
2544,2545,25,5,2024-01-26 08:20:04,3,88.33
2545,2546,268,72,2024-12-30 22:55:36,3,43.46
2546,2547,362,65,2024-10-07 13:00:15,2,65.59
2547,2548,254,92,2023-11-20 04:22:38,2,87.95
2548,2549,266,40,2024-09-17 08:06:35,2,36.47
2549,2550,13,28,2025-05-06 18:06:16,3,94.82
2550,2551,421,21,2023-08-01 14:17:44,1,11.04
2551,2552,428,64,2024-08-29 04:37:15,2,29.5
2552,2553,448,20,2024-08-21 10:18:27,2,27.27
2553,2554,204,84,2024-09-08 11:59:00,2,89.24
2554,2555,135,81,2023-09-13 10:47:32,1,53.92
2555,2556,143,46,2024-06-27 15:52:54,1,113.6
2556,2557,188,48,2023-10-04 03:23:53,3,51.74
2557,2558,476,99,2024-07-24 05:25:07,3,79.73
2558,2559,254,97,2024-04-07 05:13:09,3,54.32
2559,2560,91,42,2024-03-17 05:28:13,2,49.13
2560,2561,242,29,2023-12-23 12:03:10,1,45.77
2561,2562,478,81,2024-04-09 01:25:57,2,51.3
2562,2563,57,96,2023-08-10 17:53:17,2,128.26
2563,2564,304,2,2023-10-22 03:23:22,2,103.86
2564,2565,187,3,2024-11-16 12:23:55,2,149.93
2565,2566,89,89,2024-01-21 11:34:17,3,122.7
2566,2567,432,24,2024-04-24 22:44:05,1,96.22
2567,2568,472,37,2024-07-04 10:28:57,2,59.57
2568,2569,283,83,2024-01-28 21:37:12,3,123.26
2569,2570,236,26,2024-08-15 11:27:02,1,69.71
2570,2571,80,29,2024-10-24 03:40:43,2,52.94
2571,2572,379,74,2024-04-18 02:14:02,3,51.31
2572,2573,109,49,2024-07-27 06:50:00,2,33.96
2573,2574,426,65,2025-03-10 17:19:48,2,84.53
2574,2575,405,72,2024-12-12 13:06:49,1,34.39
2575,2576,187,52,2023-11-01 23:25:33,1,84.87
2576,2577,418,32,2024-08-11 06:00:37,1,77.14
2577,2578,295,49,2023-09-06 19:07:51,3,28.99
2578,2579,159,74,2024-11-18 17:58:43,2,61.34
2579,2580,18,55,2024-09-14 18:18:48,3,37.49
2580,2581,432,67,2023-10-21 23:22:45,1,100.56
2581,2582,214,14,2023-11-25 20:13:35,3,35.81
2582,2583,185,59,2023-10-31 07:43:00,2,171.05
2583,2584,66,68,2023-11-15 14:50:18,3,147.51
2584,2585,309,22,2024-03-22 21:42:07,2,78.35
2585,2586,440,55,2024-12-31 18:36:31,1,47.51
2586,2587,276,64,2024-04-18 01:13:55,3,35.39
2587,2588,408,16,2024-09-21 15:28:34,3,69.42
2588,2589,255,71,2024-05-04 20:48:08,1,73.64
2589,2590,425,74,2025-01-02 16:07:24,1,56.68
2590,2591,225,17,2024-11-11 17:07:52,1,14.49
2591,2592,79,10,2024-05-25 19:45:42,2,80.29
2592,2593,58,46,2025-05-04 21:37:47,2,97.4
2593,2594,4,57,2024-06-17 09:01:37,2,126.04
2594,2595,397,82,2025-03-25 09:32:30,1,156.89
2595,2596,134,94,2023-09-23 13:51:34,1,101.53
2596,2597,314,79,2025-01-19 13:10:23,1,168.61
2597,2598,130,46,2025-04-30 21:44:27,3,98.6
2598,2599,246,28,2023-11-30 17:43:41,3,77.71
2599,2600,494,73,2024-09-13 19:47:01,1,99.76
2600,2601,269,9,2024-05-12 06:56:45,2,140.46
2601,2602,450,14,2024-01-11 06:24:31,2,32.27
2602,2603,298,28,2024-04-02 16:38:25,1,74.76
2603,2604,341,89,2024-08-19 19:26:42,3,105.16
2604,2605,222,35,2024-04-20 09:46:43,1,49.69
2605,2606,225,31,2024-10-10 10:41:32,1,103.55
2606,2607,346,23,2024-06-20 14:07:04,1,21.48
2607,2608,376,12,2023-10-28 15:57:13,2,99.5
2608,2609,216,43,2024-09-22 19:30:35,2,82.8
2609,2610,378,83,2024-05-12 06:35:39,2,144.99
2610,2611,20,22,2024-04-05 12:56:27,1,86.18
2611,2612,358,90,2024-04-30 10:05:05,1,147.87
2612,2613,111,53,2024-12-02 01:13:23,3,45.8
2613,2614,407,83,2025-01-24 06:33:20,1,119.66
2614,2615,387,45,2024-05-11 07:00:27,3,108.91
2615,2616,96,66,2025-04-03 12:56:04,2,87.67
2616,2617,12,84,2023-07-29 16:02:54,1,89.93
2617,2618,495,77,2025-05-11 01:15:54,2,67.96
2618,2619,224,49,2024-11-09 20:27:04,2,29.73
2619,2620,472,20,2024-08-30 18:04:50,1,19.61
2620,2621,124,1,2024-07-06 03:44:06,3,52.82
2621,2622,443,38,2024-01-03 01:43:17,2,171.96
2622,2623,189,4,2024-02-26 00:18:30,3,88.41
2623,2624,192,82,2024-11-27 11:38:49,2,118.21
2624,2625,378,92,2025-01-06 11:57:03,2,111.33
2625,2626,483,59,2023-08-25 16:58:18,2,154.97
2626,2627,418,44,2023-08-30 01:33:21,1,115.06
2627,2628,120,32,2024-10-29 03:37:02,3,90.08
2628,2629,23,19,2025-03-17 12:57:01,3,80.46
2629,2630,226,45,2023-12-14 19:29:32,1,92.33
2630,2631,328,78,2023-06-18 03:29:27,3,63.8
2631,2632,300,32,2023-12-10 07:56:57,1,74.82
2632,2633,300,60,2023-06-20 03:10:52,1,52.78
2633,2634,278,32,2025-02-03 09:29:40,3,85.59
2634,2635,455,29,2024-08-19 17:23:00,2,51.14
2635,2636,301,2,2025-06-03 08:11:02,3,101.33
2636,2637,333,45,2023-06-27 18:14:22,2,97.07
2637,2638,439,15,2024-11-26 15:52:16,3,168.49
2638,2639,421,15,2024-12-19 04:51:21,3,136.87
2639,2640,130,22,2024-11-18 18:12:20,3,78.93
2640,2641,450,11,2024-03-07 14:03:05,3,37.26
2641,2642,253,86,2023-12-26 02:01:11,2,19.3
2642,2643,25,5,2024-05-21 18:47:44,1,74.89
2643,2644,452,16,2024-04-26 08:04:21,3,54.7
2644,2645,412,65,2024-06-25 16:58:54,2,86.1
2645,2646,108,26,2023-10-18 10:43:03,3,50.37
2646,2647,225,66,2023-08-12 06:51:33,3,89.71
2647,2648,226,4,2023-10-09 14:41:52,1,103.19
2648,2649,487,85,2023-11-16 02:09:45,1,49.98
2649,2650,82,58,2024-12-08 09:54:01,2,156.8
2650,2651,305,72,2024-12-14 12:46:55,2,36.24
2651,2652,445,8,2023-11-05 11:05:21,1,121.28
2652,2653,112,32,2025-01-03 17:25:39,1,68.25
2653,2654,19,21,2025-01-12 14:24:49,3,12.77
2654,2655,19,27,2024-02-28 20:25:47,2,96.2
2655,2656,313,21,2024-07-19 15:57:46,1,12.42
2656,2657,356,78,2025-02-15 23:31:56,3,62.4
2657,2658,330,35,2024-01-12 23:20:23,3,57.32
2658,2659,411,90,2024-09-17 09:46:00,3,144.14
2659,2660,414,67,2024-03-16 06:51:51,3,91.14
2660,2661,169,95,2024-06-14 19:38:08,2,108.47
2661,2662,319,84,2024-09-06 22:14:13,1,96.74
2662,2663,463,27,2023-06-12 19:39:18,2,106.24
2663,2664,270,12,2024-10-19 05:32:20,3,122.33
2664,2665,305,41,2024-08-22 18:56:37,3,172.5
2665,2666,484,1,2023-07-31 02:30:26,2,39.13
2666,2667,372,19,2023-09-15 14:33:18,3,81.89
2667,2668,39,74,2024-09-03 19:18:22,3,62.48
2668,2669,348,16,2023-07-31 23:20:11,1,61.62
2669,2670,428,99,2023-09-14 03:09:49,3,68.75
2670,2671,192,69,2024-03-09 18:52:28,3,102.11
2671,2672,79,85,2023-09-11 14:52:26,2,63.57
2672,2673,255,38,2024-08-15 18:23:42,3,130.17
2673,2674,156,58,2024-07-03 02:55:19,1,116.83
2674,2675,479,35,2024-02-01 18:57:10,1,57.49
2675,2676,9,52,2023-06-14 13:02:41,2,77.26
2676,2677,192,72,2024-03-23 18:26:49,2,32.99
2677,2678,312,72,2023-12-06 04:49:48,2,34.66
2678,2679,172,5,2024-02-21 06:07:27,2,70.74
2679,2680,245,31,2025-04-09 04:26:09,1,106.22
2680,2681,171,1,2025-03-23 20:27:40,3,40.35
2681,2682,300,64,2024-12-26 10:22:32,1,39.34
2682,2683,452,43,2023-12-17 16:43:52,2,83.65
2683,2684,131,80,2023-12-20 18:11:47,3,121.46
2684,2685,389,9,2023-11-07 16:08:40,2,133.57
2685,2686,85,36,2024-05-14 14:58:40,1,136.18
2686,2687,356,87,2024-08-09 10:55:26,3,171.39
2687,2688,434,60,2024-11-15 17:36:54,2,40.85
2688,2689,139,34,2024-09-13 17:37:10,1,101.71
2689,2690,298,32,2023-11-10 02:34:53,3,71.8
2690,2691,322,6,2024-12-25 09:07:54,3,10.93
2691,2692,183,6,2025-03-09 12:30:29,2,12.76
2692,2693,168,52,2023-07-19 22:01:12,2,81.8
2693,2694,313,80,2025-01-03 14:07:24,1,95.89
2694,2695,28,3,2025-04-13 07:55:59,3,159.32
2695,2696,340,49,2025-05-17 12:15:18,2,33.99
2696,2697,308,11,2024-08-25 18:47:13,2,41.17
2697,2698,390,5,2025-03-21 02:59:26,1,77.62
2698,2699,42,41,2023-10-05 09:56:56,2,129.76
2699,2700,240,88,2023-11-30 13:03:31,3,68.96
2700,2701,78,78,2024-04-13 18:09:56,2,51.29
2701,2702,260,67,2023-11-05 17:35:30,1,92.17
2702,2703,358,35,2025-04-27 20:21:27,2,66.65
2703,2704,171,35,2024-12-02 11:06:40,3,63.94
2704,2705,238,52,2025-02-13 04:58:02,3,86.66
2705,2706,456,71,2025-02-05 05:00:25,1,64.9
2706,2707,162,10,2023-07-07 12:58:59,3,88.76
2707,2708,352,11,2024-12-23 08:14:28,1,43.75
2708,2709,266,33,2025-02-09 04:26:47,1,84.01
2709,2710,39,77,2023-08-07 14:43:15,1,52.07
2710,2711,470,67,2024-08-29 21:10:00,1,119.54
2711,2712,26,63,2025-05-13 18:30:19,2,23.55
2712,2713,465,91,2023-09-11 12:41:14,1,93.35
2713,2714,196,84,2025-03-18 01:58:55,2,75.01
2714,2715,10,55,2023-12-20 03:49:14,3,39.1
2715,2716,162,92,2024-10-22 16:18:20,3,83.26
2716,2717,455,18,2025-04-20 15:53:09,2,121.22
2717,2718,70,74,2024-09-05 17:27:22,1,64.86
2718,2719,97,83,2025-04-15 17:21:52,1,129.34
2719,2720,78,95,2025-03-19 21:16:47,3,88.07
2720,2721,405,47,2024-12-22 14:41:21,3,86.34
2721,2722,298,50,2024-11-11 23:45:06,1,28.37
2722,2723,35,99,2023-09-30 04:51:18,1,78.01
2723,2724,393,83,2023-07-16 10:38:21,1,128.65
2724,2725,400,86,2024-07-30 02:31:07,3,18.81
2725,2726,365,1,2024-01-08 22:53:35,1,46.15
2726,2727,67,92,2023-08-17 10:38:44,1,83.37
2727,2728,462,2,2024-03-02 08:55:02,1,120.29
2728,2729,275,30,2025-04-19 22:29:55,1,20.26
2729,2730,330,7,2025-04-09 02:10:06,1,151.48
2730,2731,292,80,2024-05-07 08:49:36,2,94.05
2731,2732,310,72,2025-03-15 13:15:55,1,39.96
2732,2733,83,46,2025-02-21 19:55:34,3,116.42
2733,2734,309,6,2024-09-20 08:49:29,1,12.62
2734,2735,154,57,2023-07-29 15:55:46,3,119.57
2735,2736,138,66,2023-10-14 23:46:34,2,91.08
2736,2737,281,60,2023-07-26 05:14:00,3,37.38
2737,2738,486,70,2024-11-10 19:44:05,1,119.03
2738,2739,416,52,2025-03-27 14:48:10,3,70.69
2739,2740,105,22,2024-08-16 12:06:02,1,78.6
2740,2741,71,83,2023-09-26 13:37:20,2,125.88
2741,2742,167,92,2025-05-13 01:04:21,3,86.54
2742,2743,356,59,2025-05-21 08:30:05,3,152.44
2743,2744,424,73,2024-04-13 19:09:39,3,122.98
2744,2745,86,82,2024-03-05 22:47:02,3,152.79
2745,2746,468,70,2023-12-20 02:42:17,1,153.81
2746,2747,179,74,2024-01-25 20:11:35,2,66.12
2747,2748,288,26,2025-02-14 01:17:17,2,64.68
2748,2749,154,69,2023-09-02 01:02:42,1,116.67
2749,2750,26,33,2025-04-25 00:19:05,2,87.05
2750,2751,50,51,2025-02-27 01:27:04,2,73.43
2751,2752,297,91,2025-05-27 15:01:37,2,93.26
2752,2753,62,3,2023-09-05 08:12:10,1,137.57
2753,2754,67,33,2024-01-28 23:16:30,3,92.44
2754,2755,420,5,2023-10-06 23:18:17,2,86.55
2755,2756,359,99,2024-05-06 20:50:25,1,61.69
2756,2757,312,58,2025-04-30 18:29:48,1,122.22
2757,2758,250,75,2023-06-30 01:22:11,3,40.36
2758,2759,196,50,2024-08-21 02:45:58,3,26.7
2759,2760,90,24,2024-04-09 13:36:14,3,99.81
2760,2761,65,25,2023-07-01 06:51:15,2,61.52
2761,2762,348,25,2024-10-16 13:45:41,2,73.08
2762,2763,102,87,2024-12-05 18:55:02,3,143.27
2763,2764,12,56,2024-06-29 22:56:10,3,164.16
2764,2765,462,48,2023-07-04 14:39:09,2,37.21
2765,2766,143,9,2023-08-28 07:14:56,3,148.81
2766,2767,262,14,2024-04-08 22:17:21,3,43.03
2767,2768,302,94,2024-04-27 17:15:45,2,116.4
2768,2769,347,26,2025-03-18 17:31:07,1,69.85
2769,2770,244,22,2025-01-18 18:00:06,3,79.73
2770,2771,105,74,2024-03-12 00:31:20,2,66.84
2771,2772,177,70,2025-01-04 05:33:32,1,141.3
2772,2773,409,61,2025-03-17 10:14:22,3,74.62
2773,2774,145,11,2025-04-05 16:27:06,1,37.72
2774,2775,340,42,2025-01-21 03:03:12,1,65.66
2775,2776,243,43,2024-05-12 23:26:14,2,77.87
2776,2777,369,81,2023-08-06 13:08:59,1,46.7
2777,2778,59,78,2023-07-08 08:52:21,2,52.25
2778,2779,385,84,2024-05-16 02:02:00,2,91.26
2779,2780,374,78,2024-10-08 01:05:01,1,64.48
2780,2781,152,40,2024-02-26 17:49:51,1,42.37
2781,2782,260,76,2025-06-02 06:54:35,3,176.34
2782,2783,77,48,2024-12-21 21:15:49,1,50.66
2783,2784,173,91,2024-07-06 01:40:09,1,85.53
2784,2785,400,45,2023-08-02 08:28:36,2,96.82
2785,2786,99,38,2024-12-21 02:47:36,1,156.19
2786,2787,14,100,2024-12-27 23:06:09,2,54.52
2787,2788,500,56,2023-09-10 09:54:08,2,125.29
2788,2789,43,83,2025-01-03 16:23:29,2,152.19
2789,2790,176,59,2024-04-16 00:17:27,1,144.28
2790,2791,499,62,2024-08-08 09:01:21,2,116.88
2791,2792,296,89,2025-05-17 10:38:41,1,108.49
2792,2793,268,39,2024-08-22 18:56:07,3,84.53
2793,2794,185,2,2024-05-14 13:37:13,1,120.83
2794,2795,475,91,2024-10-11 07:02:04,3,82.96
2795,2796,211,65,2024-12-23 02:48:36,1,72.19
2796,2797,213,2,2024-03-26 17:33:54,2,100.98
2797,2798,342,33,2025-01-12 19:26:49,2,66.01
2798,2799,176,74,2025-01-29 05:34:29,3,49.43
2799,2800,22,50,2024-09-22 22:47:00,1,32.0
2800,2801,410,18,2024-10-02 21:09:00,2,120.67
2801,2802,107,10,2023-12-26 09:59:11,1,74.21
2802,2803,166,63,2025-04-07 17:41:09,1,31.15
2803,2804,471,64,2025-04-04 09:51:54,3,29.65
2804,2805,235,38,2024-02-05 03:17:04,2,175.27
2805,2806,420,23,2024-03-13 03:09:48,2,22.4
2806,2807,383,6,2023-10-21 09:26:40,3,12.44
2807,2808,52,31,2024-01-04 11:23:31,3,117.08
2808,2809,258,85,2023-08-10 12:14:16,3,62.2
2809,2810,159,100,2024-11-01 22:15:57,1,42.48
2810,2811,366,46,2023-10-05 21:18:35,2,116.76
2811,2812,447,17,2024-09-05 12:58:38,1,14.72
2812,2813,32,93,2024-09-03 06:51:15,3,51.75
2813,2814,416,51,2024-07-10 18:22:46,2,65.24
2814,2815,438,23,2025-02-17 04:07:32,3,20.29
2815,2816,178,54,2024-04-20 02:42:01,1,97.08
2816,2817,64,21,2024-08-18 14:53:46,3,10.4
2817,2818,472,20,2023-11-16 19:01:54,3,25.44
2818,2819,305,63,2025-02-23 04:42:42,2,23.1
2819,2820,126,31,2023-10-06 13:17:20,2,128.35
2820,2821,476,75,2025-04-17 08:32:08,3,49.86
2821,2822,394,24,2024-09-03 13:02:38,3,111.37
2822,2823,293,76,2024-09-30 06:50:21,1,132.57
2823,2824,269,19,2024-05-05 03:11:56,1,72.86
2824,2825,138,1,2023-09-23 04:46:09,2,40.02
2825,2826,212,60,2025-01-31 10:08:35,2,48.4
2826,2827,420,47,2025-02-18 21:24:33,1,73.64
2827,2828,457,60,2023-11-23 23:29:04,1,43.36
2828,2829,435,75,2023-11-23 16:21:37,1,39.31
2829,2830,289,35,2024-12-22 10:10:06,1,56.39
2830,2831,355,16,2024-05-20 02:07:01,2,58.23
2831,2832,442,80,2024-07-17 16:41:57,3,94.91
2832,2833,322,4,2023-09-22 08:58:43,3,82.79
2833,2834,456,23,2024-03-12 01:28:47,2,19.17
2834,2835,248,81,2025-04-25 23:47:33,2,39.75
2835,2836,289,80,2025-04-03 17:49:26,1,117.06
2836,2837,391,67,2024-01-19 20:21:26,1,97.07
2837,2838,154,33,2025-01-19 00:26:32,1,93.1
2838,2839,270,70,2024-03-29 08:32:13,2,117.06
2839,2840,419,100,2024-06-26 11:32:05,1,57.33
2840,2841,333,42,2025-04-05 08:35:44,1,47.15
2841,2842,52,64,2024-11-05 15:38:01,1,30.67
2842,2843,493,94,2024-08-02 16:29:11,1,100.77
2843,2844,88,63,2023-09-11 17:05:01,2,29.41
2844,2845,180,44,2023-08-03 12:46:04,2,97.35
2845,2846,430,58,2024-05-24 05:56:50,2,137.71
2846,2847,212,28,2024-03-16 16:15:07,1,102.26
2847,2848,275,33,2024-05-17 18:48:51,1,77.73
2848,2849,334,14,2023-08-06 23:07:56,1,33.67
2849,2850,63,46,2024-07-08 19:59:39,3,122.63
2850,2851,138,45,2024-02-10 11:54:47,2,107.05
2851,2852,496,60,2023-08-09 22:04:31,2,43.2
2852,2853,187,13,2025-02-17 22:07:44,2,77.23
2853,2854,283,40,2024-06-22 10:12:26,3,32.0
2854,2855,308,26,2023-07-08 09:09:43,3,59.27
2855,2856,247,22,2023-11-17 04:31:52,2,85.14
2856,2857,457,20,2023-07-12 13:25:09,1,23.43
2857,2858,79,50,2023-10-24 19:22:48,1,27.45
2858,2859,477,8,2024-01-18 11:21:05,1,116.73
2859,2860,120,5,2025-05-13 08:41:42,1,87.27
2860,2861,169,29,2024-02-23 11:58:04,2,49.78
2861,2862,99,58,2023-06-26 06:04:19,1,153.11
2862,2863,499,75,2023-10-23 23:52:59,1,45.54
2863,2864,399,57,2023-06-13 01:48:47,3,111.99
2864,2865,163,15,2024-03-11 00:25:30,1,131.87
2865,2866,405,58,2024-06-10 14:33:23,2,117.31
2866,2867,189,49,2023-12-27 10:26:21,1,25.18
2867,2868,411,31,2024-08-29 18:42:50,2,106.31
2868,2869,262,77,2023-08-07 06:12:35,1,69.88
2869,2870,305,66,2023-10-21 16:59:46,1,66.22
2870,2871,154,81,2024-05-13 21:12:54,2,38.24
2871,2872,155,73,2024-07-19 01:15:49,2,99.21
2872,2873,316,89,2025-03-09 19:44:59,3,98.61
2873,2874,500,99,2025-05-11 22:06:36,3,70.51
2874,2875,78,55,2023-08-28 07:10:11,2,52.19
2875,2876,302,1,2023-09-30 03:22:08,2,43.05
2876,2877,475,88,2023-07-27 22:37:28,3,74.3
2877,2878,347,61,2023-12-20 08:16:11,3,77.09
2878,2879,179,48,2024-07-31 04:32:38,1,52.26
2879,2880,230,30,2024-10-03 06:16:52,2,20.69
2880,2881,343,64,2024-11-20 02:18:14,2,35.96
2881,2882,451,7,2024-11-04 02:32:30,3,157.17
2882,2883,39,70,2024-09-10 01:39:52,3,146.06
2883,2884,19,98,2024-01-23 13:53:59,3,122.04
2884,2885,155,49,2025-04-21 13:25:38,3,28.87
2885,2886,352,69,2025-03-08 13:51:48,1,110.95
2886,2887,496,26,2024-01-19 00:58:27,2,65.48
2887,2888,388,91,2023-10-18 08:45:26,1,102.75
2888,2889,471,6,2023-09-02 17:30:27,2,11.91
2889,2890,35,55,2024-07-26 12:12:40,2,39.32
2890,2891,246,94,2024-08-06 20:52:46,2,121.13
2891,2892,108,43,2023-12-04 06:27:21,1,67.97
2892,2893,459,38,2023-11-27 09:42:57,3,180.23
2893,2894,197,83,2025-01-17 09:38:11,2,120.53
2894,2895,210,85,2024-01-31 04:27:52,1,51.12
2895,2896,295,77,2023-07-07 01:27:23,1,52.04
2896,2897,242,12,2023-10-17 15:17:11,2,122.74
2897,2898,71,49,2024-02-23 03:27:08,1,30.64
2898,2899,202,98,2023-11-09 07:29:38,1,113.8
2899,2900,346,61,2024-10-10 11:54:50,2,77.62
2900,2901,303,36,2023-12-26 06:59:46,3,165.87
2901,2902,469,46,2024-08-31 01:52:45,3,117.22
2902,2903,251,73,2023-06-17 09:04:25,3,117.58
2903,2904,431,97,2024-03-05 23:32:00,1,49.69
2904,2905,389,10,2024-09-03 19:39:37,3,77.63
2905,2906,370,72,2025-02-06 20:05:49,2,40.25
2906,2907,406,13,2023-12-03 01:15:41,1,71.98
2907,2908,286,94,2024-10-11 11:53:03,2,110.38
2908,2909,130,13,2023-06-22 13:07:20,2,72.35
2909,2910,466,66,2025-05-31 18:39:23,1,80.77
2910,2911,101,80,2024-12-17 04:45:44,2,88.61
2911,2912,398,48,2025-04-14 00:44:23,3,45.39
2912,2913,424,68,2024-12-05 16:47:44,2,157.57
2913,2914,476,89,2024-10-10 18:29:10,3,108.33
2914,2915,357,14,2023-07-03 02:30:55,2,44.63
2915,2916,177,26,2023-06-22 02:57:46,1,56.35
2916,2917,203,54,2024-01-15 16:09:40,2,102.37
2917,2918,410,58,2024-11-08 06:34:00,2,130.56
2918,2919,421,63,2024-03-06 14:05:09,3,26.96
2919,2920,145,75,2024-08-30 22:38:37,1,45.93
2920,2921,205,68,2023-07-03 21:09:22,3,150.04
2921,2922,256,20,2023-08-31 15:22:59,1,21.61
2922,2923,39,33,2025-01-17 13:08:14,2,93.53
2923,2924,370,94,2025-02-26 17:20:06,3,119.36
2924,2925,10,3,2023-07-12 02:44:27,2,123.37
2925,2926,435,98,2024-07-15 05:51:55,2,125.76
2926,2927,471,62,2025-06-02 16:24:08,1,112.98
2927,2928,180,17,2024-06-28 19:43:47,2,14.01
2928,2929,272,57,2024-09-12 16:41:48,2,130.04
2929,2930,108,46,2024-04-17 00:22:20,3,128.53
2930,2931,168,28,2023-07-11 06:29:47,2,81.2
2931,2932,34,45,2023-10-06 18:02:20,2,98.08
2932,2933,310,66,2025-04-30 19:59:10,2,81.02
2933,2934,111,10,2024-05-05 01:37:42,1,75.72
2934,2935,388,88,2023-11-27 14:00:07,1,75.33
2935,2936,4,39,2025-03-14 11:20:44,3,65.85
2936,2937,151,62,2023-09-21 13:16:50,2,123.22
2937,2938,320,1,2023-10-10 10:38:07,1,52.47
2938,2939,336,11,2024-06-15 22:54:06,2,48.41
2939,2940,16,73,2024-02-25 18:28:54,3,129.16
2940,2941,27,45,2023-09-30 07:39:17,1,96.63
2941,2942,12,77,2024-04-28 18:07:27,2,68.36
2942,2943,357,79,2023-12-08 12:25:27,3,136.3
2943,2944,124,84,2023-06-19 18:30:27,3,103.67
2944,2945,9,85,2024-11-22 19:05:16,1,47.02
2945,2946,197,48,2023-12-30 04:00:26,2,42.77
2946,2947,207,68,2023-11-09 22:49:26,1,138.87
2947,2948,336,30,2023-08-22 23:59:04,3,16.25
2948,2949,34,6,2025-01-31 21:02:35,1,10.71
2949,2950,437,80,2023-08-04 13:31:38,2,116.4
2950,2951,499,39,2024-01-19 03:02:57,2,85.94
2951,2952,165,38,2025-01-02 07:35:26,1,142.41
2952,2953,392,57,2024-02-23 07:06:34,2,112.43
2953,2954,1,50,2024-06-23 03:30:02,1,32.88
2954,2955,193,96,2024-03-29 05:05:35,2,111.95
2955,2956,248,99,2024-06-01 14:01:08,3,77.36
2956,2957,21,73,2023-10-03 05:27:03,1,131.57
2957,2958,274,57,2025-04-26 19:41:14,3,118.69
2958,2959,178,91,2024-12-20 07:26:18,3,84.03
2959,2960,445,30,2023-12-09 16:35:37,3,20.93
2960,2961,428,33,2023-10-31 01:30:44,3,85.63
2961,2962,294,43,2025-04-02 07:25:10,2,89.4
2962,2963,251,35,2024-04-28 08:18:15,2,62.59
2963,2964,163,25,2024-01-22 07:16:01,2,70.46
2964,2965,441,94,2024-05-11 13:47:14,2,117.16
2965,2966,268,17,2024-05-22 14:44:43,3,15.39
2966,2967,85,62,2023-07-17 10:41:53,2,121.63
2967,2968,7,8,2025-02-09 08:44:22,2,120.22
2968,2969,367,40,2023-09-23 13:11:47,2,43.31
2969,2970,394,32,2024-07-19 12:31:33,2,77.06
2970,2971,351,52,2023-06-25 07:12:25,2,79.83
2971,2972,125,63,2023-08-18 04:44:15,3,28.41
2972,2973,115,9,2023-08-18 17:30:53,3,138.48
2973,2974,58,86,2025-02-15 08:42:48,2,17.42
2974,2975,438,17,2024-05-04 14:37:20,2,16.88
2975,2976,485,25,2023-12-13 10:10:53,2,58.23
2976,2977,53,71,2024-03-15 22:31:18,1,75.66
2977,2978,305,70,2024-12-11 18:23:39,3,141.63
2978,2979,477,94,2023-07-14 11:27:53,2,109.57
2979,2980,476,43,2025-03-10 07:30:27,3,86.91
2980,2981,420,86,2025-05-29 16:40:01,3,21.4
2981,2982,165,89,2025-05-25 00:42:57,1,92.82
2982,2983,136,71,2025-01-24 06:30:55,3,82.27
2983,2984,279,57,2024-02-27 22:14:02,2,128.48
2984,2985,432,75,2024-09-07 23:00:52,2,45.26
2985,2986,219,57,2025-03-15 22:19:40,1,108.36
2986,2987,250,32,2025-04-03 05:41:20,2,72.8
2987,2988,422,10,2023-08-15 19:41:19,1,93.19
2988,2989,399,29,2023-08-12 13:09:23,1,40.08
2989,2990,441,24,2024-04-11 01:05:39,2,102.37
2990,2991,256,46,2024-08-02 00:26:51,2,108.45
2991,2992,432,84,2024-03-05 03:33:27,2,87.58
2992,2993,104,49,2025-03-08 06:17:17,2,33.39
2993,2994,197,14,2023-11-23 17:20:10,1,44.21
2994,2995,244,4,2023-12-18 12:08:34,1,80.33
2995,2996,163,39,2024-05-11 10:03:29,2,69.89
2996,2997,67,89,2024-03-01 16:27:47,2,123.11
2997,2998,307,5,2025-05-08 20:25:23,1,72.6
2998,2999,130,54,2023-07-25 23:49:42,1,120.95
2999,3000,233,58,2024-06-14 02:43:42,2,132.46
